          0.002       1264.0061       7066.3333
          0.004       1249.9135       7026.3333
          0.006       1235.9008       6986.3333
          0.008       1221.9681       6946.3333
           0.01       1208.1155       6906.3333
          0.012       1194.3428       6866.3333
          0.014       1180.6501       6826.3333
          0.016       1167.0375       6786.3333
          0.018       1153.5048       6746.3333
           0.02       1140.0521       6706.3333
          0.022       1126.6795       6666.3333
          0.024       1113.3868       6626.3333
          0.026       1100.1741       6586.3333
          0.028       1087.0415       6546.3333
           0.03       1073.9888       6506.3333
          0.032       1061.0161       6466.3333
          0.034       1048.1235       6426.3333
          0.036       1035.3108       6386.3333
          0.038       1022.5781       6346.3333
           0.04       1009.9255       6306.3333
          0.042       997.35281       6266.3333
          0.044       984.86015       6226.3333
          0.046       972.44748       6186.3333
          0.048       960.11481       6146.3333
           0.05       947.86215       6106.3333
          0.052       935.68948       6066.3333
          0.054       923.59681       6026.3333
          0.056       911.58415       5986.3333
          0.058       899.65148       5946.3333
           0.06       887.79881       5906.3333
          0.062       876.02615       5866.3333
          0.064       864.33348       5826.3333
          0.066       852.72081       5786.3333
          0.068       841.18815       5746.3333
           0.07       829.73548       5706.3333
          0.072       818.36281       5666.3333
          0.074       807.07015       5626.3333
          0.076       795.85748       5586.3333
          0.078       784.72481       5546.3333
           0.08       773.67215       5506.3333
          0.082       762.69948       5466.3333
          0.084       751.80681       5426.3333
          0.086       740.99415       5386.3333
          0.088       730.26148       5346.3333
           0.09       719.60881       5306.3333
          0.092       709.03615       5266.3333
          0.094       698.54348       5226.3333
          0.096       688.13081       5186.3333
          0.098       677.79815       5146.3333
            0.1       667.54548       5106.3333
          0.102       657.37281       5066.3333
          0.104       647.28015       5026.3333
          0.106       637.26748       4986.3333
          0.108       627.33481       4946.3333
           0.11       617.48215       4906.3333
          0.112       607.70948       4866.3333
          0.114       598.01681       4826.3333
          0.116       588.40415       4786.3333
          0.118       578.87148       4746.3333
           0.12       569.41881       4706.3333
          0.122       560.04615       4666.3333
          0.124       550.75348       4626.3333
          0.126       541.54081       4586.3333
          0.128       532.40815       4546.3333
           0.13       523.35548       4506.3333
          0.132       514.38281       4466.3333
          0.134       505.49015       4426.3333
          0.136       496.67748       4386.3333
          0.138       487.94481       4346.3333
           0.14       479.29215       4306.3333
          0.142       470.71948       4266.3333
          0.144       462.22681       4226.3333
          0.146       453.81415       4186.3333
          0.148       445.48148       4146.3333
           0.15       437.22881       4106.3333
          0.152       429.05615       4066.3333
          0.154       420.96348       4026.3333
          0.156       412.95081       3986.3333
          0.158       405.01815       3946.3333
           0.16       397.16548       3906.3333
          0.162       389.39281       3866.3333
          0.164       381.70015       3826.3333
          0.166       374.08748       3786.3333
          0.168       366.55481       3746.3333
           0.17       359.10215       3706.3333
          0.172       351.72948       3666.3333
          0.174       344.43681       3626.3333
          0.176       337.22415       3586.3333
          0.178       330.09148       3546.3333
           0.18       323.03881       3506.3333
          0.182       316.06615       3466.3333
          0.184       309.17348       3426.3333
          0.186       302.36081       3386.3333
          0.188       295.62815       3346.3333
           0.19       288.97548       3306.3333
          0.192       282.40281       3266.3333
          0.194       275.91015       3226.3333
          0.196       269.49748       3186.3333
          0.198       263.16481       3146.3333
            0.2       256.91215       3106.3333
          0.202       250.73948       3066.3333
          0.204       244.64681       3026.3333
          0.206       238.63415       2986.3333
          0.208       232.70148       2946.3333
           0.21       226.84881       2906.3333
          0.212       221.07615       2866.3333
          0.214       215.38348       2826.3333
          0.216       209.77081       2786.3333
          0.218       204.23815       2746.3333
           0.22       198.78548       2706.3333
          0.222       193.41281       2666.3333
          0.224       188.12015       2626.3333
          0.226       182.90748       2586.3333
          0.228       177.77481       2546.3333
           0.23       172.72215       2506.3333
          0.232       167.74948       2466.3333
          0.234       162.85681       2426.3333
          0.236       158.04415       2386.3333
          0.238       153.31148       2346.3333
           0.24       148.65881       2306.3333
          0.242       144.08615       2266.3333
          0.244       139.59348       2226.3333
          0.246       135.18081       2186.3333
          0.248       130.84815       2146.3333
           0.25       126.59548       2106.3333
          0.252       122.42281       2066.3333
          0.254       118.33015       2026.3333
          0.256       114.31748       1986.3333
          0.258       110.38481       1946.3333
           0.26       106.53215       1906.3333
          0.262       102.75948       1866.3333
          0.264       99.066815       1826.3333
          0.266       95.454148       1786.3333
          0.268       91.921482       1746.3333
           0.27       88.468815       1706.3333
          0.272       85.096148       1666.3333
          0.274       81.803482       1626.3333
          0.276       78.590815       1586.3333
          0.278       75.458148       1546.3333
           0.28       72.405482       1506.3333
          0.282       69.432815       1466.3333
          0.284       66.540148       1426.3333
          0.286       63.727482       1386.3333
          0.288       60.994815       1346.3333
           0.29       58.342148       1306.3333
          0.292       55.769482       1266.3333
          0.294       53.276815       1226.3333
          0.296       50.864148       1186.3333
          0.298       48.531482       1146.3333
            0.3       46.278815       1106.3333
          0.302       44.106148       1066.3333
          0.304       42.013482       1026.3333
          0.306       40.000815       986.33333
          0.308       38.068148       946.33333
           0.31       36.215482       906.33333
          0.312       34.442815       866.33333
          0.314       32.750148       826.33333
          0.316       31.137482       786.33333
          0.318       29.604815       746.33333
           0.32       28.152148       706.33333
          0.322       26.779482       666.33333
          0.324       25.486815       626.33333
          0.326       24.274148       586.33333
          0.328       23.141482       546.33333
           0.33       22.088815       506.33333
          0.332       21.116148       466.33333
          0.334       20.223482       438.51667
          0.336       19.362082             429
          0.338       18.507482          424.15
           0.34       17.665482         416.325
          0.342       16.842182          405.45
          0.344       16.043682          391.95
          0.346       15.274382          377.45
          0.348       14.533882           363.4
           0.35       13.820782          350.05
          0.352       13.133682         337.375
          0.354       12.471282         325.225
          0.356       11.832782         313.275
          0.358       11.218182         301.225
           0.36       10.627882         288.975
          0.362       10.062282          276.53
          0.364       9.5217616        263.9625
          0.366       9.0064316        251.5675
          0.368       8.5154916        239.6075
           0.37       8.0480016          228.12
          0.372       7.6030116        217.1025
          0.374       7.1795916          206.56
          0.376       6.7767716         196.525
          0.378       6.3934916          187.02
           0.38       6.0286916        178.0425
          0.382       5.6813216         169.595
          0.384       5.3503116        161.6675
          0.386       5.0346516        154.2125
          0.388       4.7334616         147.185
           0.39       4.4459116        140.5825
          0.392       4.1711316        134.4025
          0.394       3.9083016          128.63
          0.396       3.6566116        123.2025
          0.398       3.4154916        118.0575
            0.4       3.1843816         113.195
          0.402       2.9627116          108.61
          0.404       2.7499416         104.285
          0.406       2.5455716          100.16
          0.408       2.3493016           96.17
           0.41       2.1608916         92.3025
          0.412       1.9800916         88.5675
          0.414       1.8066216         84.9525
          0.416       1.6402816         81.4325
          0.418       1.4808916           77.99
           0.42       1.3283216         74.6125
          0.422       1.1824416         71.3075
          0.424       1.0430916        68.07975
          0.426      0.91012264         64.9415
          0.428      0.78332564        61.91025
           0.43      0.66248164         58.9885
          0.432      0.54737164         56.1765
          0.434      0.43777564        53.47425
          0.436      0.33347464          50.883
          0.438      0.23424364          48.404
           0.44      0.13985864        46.03695
          0.442     0.050095837       43.782325
          0.444    -0.035270663        41.63655
          0.446     -0.11645036       39.584925
          0.448     -0.19361036         37.6145
           0.45     -0.26690836        35.72325
          0.452     -0.33650336        33.91125
          0.454     -0.40255336         32.1755
          0.456     -0.46520536        30.50275
          0.458     -0.52456436          28.882
           0.46     -0.58073336        27.31175
          0.462     -0.63381136        25.79125
          0.464     -0.68389836          24.318
          0.466     -0.73108336        22.88125
          0.468     -0.77542336        21.47125
           0.47     -0.81696836        20.08625
          0.472     -0.85576836          18.726
          0.474     -0.89187236        17.38975
          0.476     -0.92532736         16.0725
          0.478     -0.95616236        14.76975
           0.48     -0.98440636         13.4815
          0.482      -1.0100884         12.2055
          0.484      -1.0332284         10.9475
          0.486      -1.0538784          9.7025
          0.488      -1.0720384           8.475
           0.49      -1.0877784          7.2675
          0.492      -1.1011084          6.0725
          0.494      -1.1120684          4.8975
          0.496      -1.1206984            3.75
          0.498      -1.1270684           2.635
            0.5      -1.1312384            1.55
          0.502      -1.1332684           0.495
          0.504      -1.1332184         -0.5225
          0.506      -1.1311784          -1.495
          0.508      -1.1272384           -2.41
           0.51      -1.1215384          -3.265
          0.512      -1.1141784          -4.065
          0.514      -1.1052784          -4.805
          0.516      -1.0949584          -5.485
          0.518      -1.0833384            -6.1
           0.52      -1.0705584           -6.65
          0.522      -1.0567384           -7.14
          0.524      -1.0419984           -7.57
          0.526      -1.0264584         -7.9425
          0.528      -1.0102284        -8.26425
           0.53     -0.99340136        -8.54125
          0.532     -0.97606336        -8.77175
          0.534     -0.95831436         -8.9555
          0.536     -0.94024136         -9.1005
          0.538     -0.92191236         -9.2125
           0.54     -0.90339136          -9.293
          0.542     -0.88474036        -9.34175
          0.544     -0.86602436           -9.36
          0.546     -0.84730036        -9.35525
          0.548     -0.82860336          -9.333
           0.55     -0.80996836        -9.29425
          0.552     -0.79142636         -9.2395
          0.554     -0.77301036        -9.16925
          0.556     -0.75474936        -9.08875
          0.558     -0.73665536         -9.0025
           0.56     -0.71873936          -8.911
          0.562     -0.70101136          -8.814
          0.564     -0.68348336        -8.71275
          0.566     -0.66616036        -8.61025
          0.568     -0.64904236        -8.50875
           0.57     -0.63212536        -8.40925
          0.572     -0.61540536         -8.3115
          0.574     -0.59887936        -8.21575
          0.576     -0.58254236        -8.12275
          0.578     -0.56638836        -8.03325
           0.58     -0.55040936         -7.9475
          0.582     -0.53459836         -7.8655
          0.584     -0.51894736        -7.78675
          0.586     -0.50345136           -7.71
          0.588     -0.48810736         -7.6345
           0.59     -0.47291336        -7.55925
          0.592     -0.45787036        -7.48475
          0.594     -0.44297436         -7.4105
          0.596     -0.42822836          -7.334
          0.598     -0.41363836        -7.25425
            0.6     -0.39921136          -7.171
          0.602     -0.38495436          -7.084
          0.604     -0.37087536         -6.9925
          0.606     -0.35698436        -6.89425
          0.608     -0.34329836        -6.78675
           0.61     -0.32983736           -6.67
          0.612     -0.31661836          -6.544
          0.614     -0.30366136        -6.40825
          0.616     -0.29098536          -6.263
          0.618     -0.27860936        -6.10825
           0.62     -0.26655236          -5.944
          0.622     -0.25483336        -5.76975
          0.624     -0.24347336         -5.5865
          0.626     -0.23248736         -5.3965
          0.628     -0.22188736         -5.2015
           0.63     -0.21168136        -5.00175
          0.632     -0.20188036         -4.7975
          0.634     -0.19249136         -4.5895
          0.636     -0.18352236        -4.37925
          0.638     -0.17497436          -4.169
           0.64     -0.16684636         -3.9585
          0.642     -0.15914036          -3.748
          0.644     -0.15185436        -3.53825
          0.646     -0.14498736        -3.33075
          0.648     -0.13853136        -3.12725
           0.65     -0.13247836          -2.928
          0.652     -0.12681936          -2.733
          0.654     -0.12154636        -2.54225
          0.656     -0.11665036          -2.357
          0.658     -0.11211836         -2.1775
           0.66     -0.10794036          -2.004
          0.662     -0.10410236        -1.83675
          0.664     -0.10059336        -1.67545
          0.666    -0.097400563           -1.52
          0.668    -0.094513363         -1.3701
           0.67    -0.091920163        -1.22585
          0.672    -0.089609963       -1.087175
          0.674    -0.087571463        -0.95425
          0.676    -0.085792963       -0.827625
          0.678    -0.084260963       -0.707825
           0.68    -0.082961663         -0.5949
          0.682    -0.081881363       -0.488875
          0.684    -0.081006163         -0.3901
          0.686    -0.080320963       -0.299875
          0.688    -0.079806663       -0.219425
           0.69    -0.079443263       -0.148925
          0.692    -0.079210963       -0.088375
          0.694    -0.079089763       -0.037625
          0.696    -0.079060463        0.004025
          0.698    -0.079105863         0.03715
            0.7    -0.079209063        0.061825
          0.702    -0.079353163         0.07805
          0.704    -0.079521263        0.086525
          0.706    -0.079699263        0.089875
          0.708    -0.079880763          0.0905
           0.71    -0.080061263        0.088775
          0.712    -0.080235863        0.084675
          0.714    -0.080399963        0.078475
          0.716    -0.080549763        0.071225
          0.718    -0.080684863        0.063875
           0.72    -0.080805263        0.056575
          0.722    -0.080911163          0.0493
          0.724    -0.081002463        0.041925
          0.726    -0.081078863        0.033875
          0.728    -0.081137963        0.024675
           0.73    -0.081177563        0.014275
          0.732    -0.081195063        0.002625
          0.734    -0.081188063       -0.010225
          0.736    -0.081154163       -0.024125
          0.738    -0.081091563        -0.03895
           0.74    -0.080998363        -0.05465
          0.742    -0.080872963        -0.07125
          0.744    -0.080713363        -0.08855
          0.746    -0.080518763        -0.10565
          0.748    -0.080290763        -0.12185
           0.75    -0.080031363          -0.137
          0.752    -0.079742763       -0.151075
          0.754    -0.079427063       -0.164125
          0.756    -0.079086263       -0.176025
          0.758    -0.078722963       -0.186675
           0.76    -0.078339563       -0.196125
          0.762    -0.077938463        -0.20435
          0.764    -0.077522163       -0.211525
          0.766    -0.077092363        -0.21835
          0.768    -0.076648763         -0.2254
           0.77    -0.076190763         -0.2328
          0.772    -0.075717563        -0.24055
          0.774    -0.075228563       -0.248675
          0.776    -0.074722863       -0.257225
          0.778    -0.074199663       -0.266225
           0.78    -0.073657963       -0.275725
          0.782    -0.073096763       -0.285675
          0.784    -0.072515263        -0.29595
          0.786    -0.071912963          -0.306
          0.788    -0.071291263        -0.31525
           0.79    -0.070651963        -0.32365
          0.792    -0.069996663       -0.331225
          0.794    -0.069327063         -0.3379
          0.796    -0.068645063       -0.343625
          0.798    -0.067952563         -0.3483
            0.8    -0.067251863       -0.351875
          0.802    -0.066545063         -0.3544
          0.804    -0.065834263       -0.355975
          0.806    -0.065121163        -0.35695
          0.808    -0.064406463       -0.357675
           0.81    -0.063690463       -0.358275
          0.812    -0.062973363       -0.358675
          0.814    -0.062255763       -0.358975
          0.816    -0.061537463       -0.359675
          0.818    -0.060817063       -0.361125
           0.82    -0.060092963       -0.363375
          0.822    -0.059363563        -0.36645
          0.824    -0.058627163        -0.37045
          0.826    -0.057881763       -0.375825
          0.828    -0.057123863        -0.38305
           0.83    -0.056349563         -0.3922
          0.832    -0.055555063         -0.4032
          0.834    -0.054736763       -0.416025
          0.836    -0.053890963        -0.43035
          0.838    -0.053015363       -0.445825
           0.84    -0.052107663         -0.4624
          0.842    -0.051165763         -0.4801
          0.844    -0.050187263        -0.49865
          0.846    -0.049171163        -0.51685
          0.848    -0.048119863       -0.533725
           0.85    -0.047036263       -0.549075
          0.852    -0.045923563       -0.562875
          0.854    -0.044784763       -0.575125
          0.856    -0.043623063       -0.585525
          0.858    -0.042442663         -0.5938
           0.86    -0.041247863       -0.599975
          0.862    -0.040042763          -0.604
          0.864    -0.038831863       -0.606025
          0.866    -0.037618663       -0.606725
          0.868    -0.036404963         -0.6066
           0.87    -0.035192263         -0.6057
          0.872    -0.033982163       -0.604075
          0.874    -0.032775963       -0.601775
          0.876    -0.031575063        -0.59895
          0.878    -0.030380163        -0.59575
           0.88    -0.029192063       -0.592225
          0.882    -0.028011263       -0.588375
          0.884    -0.026838563         -0.5841
          0.886    -0.025674863       -0.579175
          0.888    -0.024521863        -0.57335
           0.89    -0.023381463         -0.5666
          0.892    -0.022255463       -0.558925
          0.894    -0.021145763        -0.55025
          0.896    -0.020054463        -0.54045
          0.898    -0.018983963         -0.5294
            0.9    -0.017936863       -0.517025
          0.902    -0.016915863         -0.5033
          0.904    -0.015923663       -0.488275
          0.906    -0.014962763         -0.4719
          0.908    -0.014036063       -0.454025
           0.91    -0.013146663       -0.434675
          0.912    -0.012297363         -0.4139
          0.914    -0.011491063       -0.391775
          0.916    -0.010730263       -0.368875
          0.918    -0.010015563      -0.3456875
           0.92   -0.0093475132       -0.322285
          0.922   -0.0087264232      -0.2986925
          0.924   -0.0081527432        -0.27518
          0.926   -0.0076257032        -0.25293
          0.928   -0.0071410232        -0.23298
           0.93   -0.0066937832      -0.2154925
          0.932   -0.0062790532        -0.20047
          0.934   -0.0058919032      -0.1878825
          0.936   -0.0055275232      -0.1776225
          0.938   -0.0051814132        -0.16959
           0.94   -0.0048491632       -0.163765
          0.942   -0.0045263532       -0.160155
          0.944   -0.0042085432      -0.1584025
          0.946   -0.0038927432      -0.1571025
          0.948   -0.0035801332       -0.155015
           0.95   -0.0032726832       -0.151945
          0.952   -0.0029723532       -0.147895
          0.954   -0.0026811032        -0.14282
          0.956   -0.0024010732      -0.1365575
          0.958   -0.0021348732      -0.1289675
           0.96   -0.0018852032      -0.1200275
          0.962   -0.0016547632       -0.109735
          0.964   -0.0014462632       -0.098335
          0.966   -0.0012614232      -0.0868125
          0.968   -0.0010990132       -0.076035
           0.97   -0.0009572832       -0.066131
          0.972   -0.0008344892      -0.0571055
          0.974   -0.0007288612     -0.04910375
          0.976   -0.0006380742     -0.04269075
          0.978   -0.0005580982      -0.0383715
           0.98   -0.0004845882       -0.036225
          0.982   -0.0004131982      -0.0362505
          0.984   -0.0003395862      -0.0381395
          0.986   -0.0002606402     -0.04066925
          0.988   -0.0001769092       -0.042755
           0.99    -8.96202e-05      -0.0442273
          0.992               0     -0.02240505
          0.994               0               0
          0.996               0               0
          0.998               0               0
              1               0               0
          1.002               0               0
          1.004               0               0
          1.006               0               0
          1.008               0               0
           1.01               0               0
          1.012               0               0
          1.014               0               0
          1.016               0               0
          1.018               0               0
           1.02               0               0
          1.022               0               0
          1.024               0               0
          1.026               0               0
          1.028               0               0
           1.03               0               0
          1.032               0               0
          1.034               0               0
          1.036               0               0
          1.038               0               0
           1.04               0               0
          1.042               0               0
          1.044               0               0
          1.046               0               0
          1.048               0               0
           1.05               0               0
          1.052               0               0
          1.054               0               0
          1.056               0               0
          1.058               0               0
           1.06               0               0
          1.062               0               0
          1.064               0               0
          1.066               0               0
          1.068               0               0
           1.07               0               0
          1.072               0               0
          1.074               0               0
          1.076               0               0
          1.078               0               0
           1.08               0               0
          1.082               0               0
          1.084               0               0
          1.086               0               0
          1.088               0               0
           1.09               0               0
          1.092               0               0
          1.094               0               0
          1.096               0               0
          1.098               0               0
            1.1               0               0
          1.102               0               0
          1.104               0               0
          1.106               0               0
          1.108               0               0
           1.11               0               0
          1.112               0               0
          1.114               0               0
          1.116               0               0
          1.118               0               0
           1.12               0               0
          1.122               0               0
          1.124               0               0
          1.126               0               0
          1.128               0               0
           1.13               0               0
          1.132               0               0
          1.134               0               0
          1.136               0               0
          1.138               0               0
           1.14               0               0
          1.142               0               0
          1.144               0               0
          1.146               0               0
          1.148               0               0
           1.15               0               0
          1.152               0               0
          1.154               0               0
          1.156               0               0
          1.158               0               0
           1.16               0               0
          1.162               0               0
          1.164               0               0
          1.166               0               0
          1.168               0               0
           1.17               0               0
          1.172               0               0
          1.174               0               0
          1.176               0               0
          1.178               0               0
           1.18               0               0
          1.182               0               0
          1.184               0               0
          1.186               0               0
          1.188               0               0
           1.19               0               0
          1.192               0               0
          1.194               0               0
          1.196               0               0
          1.198               0               0
            1.2               0               0
          1.202               0               0
          1.204               0               0
          1.206               0               0
          1.208               0               0
           1.21               0               0
          1.212               0               0
          1.214               0               0
          1.216               0               0
          1.218               0               0
           1.22               0               0
          1.222               0               0
          1.224               0               0
          1.226               0               0
          1.228               0               0
           1.23               0               0
          1.232               0               0
          1.234               0               0
          1.236               0               0
          1.238               0               0
           1.24               0               0
          1.242               0               0
          1.244               0               0
          1.246               0               0
          1.248               0               0
           1.25               0               0
          1.252               0               0
          1.254               0               0
          1.256               0               0
          1.258               0               0
           1.26               0               0
          1.262               0               0
          1.264               0               0
          1.266               0               0
          1.268               0               0
           1.27               0               0
          1.272               0               0
          1.274               0               0
          1.276               0               0
          1.278               0               0
           1.28               0               0
          1.282               0               0
          1.284               0               0
          1.286               0               0
          1.288               0               0
           1.29               0               0
          1.292               0               0
          1.294               0               0
          1.296               0               0
          1.298               0               0
            1.3               0               0
          1.302               0               0
          1.304               0               0
          1.306               0               0
          1.308               0               0
           1.31               0               0
          1.312               0               0
          1.314               0               0
          1.316               0               0
          1.318               0               0
           1.32               0               0
          1.322               0               0
          1.324               0               0
          1.326               0               0
          1.328               0               0
           1.33               0               0
          1.332               0               0
          1.334               0               0
          1.336               0               0
          1.338               0               0
           1.34               0               0
          1.342               0               0
          1.344               0               0
          1.346               0               0
          1.348               0               0
           1.35               0               0
          1.352               0               0
          1.354               0               0
          1.356               0               0
          1.358               0               0
           1.36               0               0
          1.362               0               0
          1.364               0               0
          1.366               0               0
          1.368               0               0
           1.37               0               0
          1.372               0               0
          1.374               0               0
          1.376               0               0
          1.378               0               0
           1.38               0               0
          1.382               0               0
          1.384               0               0
          1.386               0               0
          1.388               0               0
           1.39               0               0
          1.392               0               0
          1.394               0               0
          1.396               0               0
          1.398               0               0
            1.4               0               0
          1.402               0               0
          1.404               0               0
          1.406               0               0
          1.408               0               0
           1.41               0               0
          1.412               0               0
          1.414               0               0
          1.416               0               0
          1.418               0               0
           1.42               0               0
          1.422               0               0
          1.424               0               0
          1.426               0               0
          1.428               0               0
           1.43               0               0
          1.432               0               0
          1.434               0               0
          1.436               0               0
          1.438               0               0
           1.44               0               0
          1.442               0               0
          1.444               0               0
          1.446               0               0
          1.448               0               0
           1.45               0               0
          1.452               0               0
          1.454               0               0
          1.456               0               0
          1.458               0               0
           1.46               0               0
          1.462               0               0
          1.464               0               0
          1.466               0               0
          1.468               0               0
           1.47               0               0
          1.472               0               0
          1.474               0               0
          1.476               0               0
          1.478               0               0
           1.48               0               0
          1.482               0               0
          1.484               0               0
          1.486               0               0
          1.488               0               0
           1.49               0               0
          1.492               0               0
          1.494               0               0
          1.496               0               0
          1.498               0               0
            1.5               0               0
          1.502               0               0
          1.504               0               0
          1.506               0               0
          1.508               0               0
           1.51               0               0
          1.512               0               0
          1.514               0               0
          1.516               0               0
          1.518               0               0
           1.52               0               0
          1.522               0               0
          1.524               0               0
          1.526               0               0
          1.528               0               0
           1.53               0               0
          1.532               0               0
          1.534               0               0
          1.536               0               0
          1.538               0               0
           1.54               0               0
          1.542               0               0
          1.544               0               0
          1.546               0               0
          1.548               0               0
           1.55               0               0
          1.552               0               0
          1.554               0               0
          1.556               0               0
          1.558               0               0
           1.56               0               0
          1.562               0               0
          1.564               0               0
          1.566               0               0
          1.568               0               0
           1.57               0               0
          1.572               0               0
          1.574               0               0
          1.576               0               0
          1.578               0               0
           1.58               0               0
          1.582               0               0
          1.584               0               0
          1.586               0               0
          1.588               0               0
           1.59               0               0
          1.592               0               0
          1.594               0               0
          1.596               0               0
          1.598               0               0
            1.6               0               0
          1.602               0               0
          1.604               0               0
          1.606               0               0
          1.608               0               0
           1.61               0               0
          1.612               0               0
          1.614               0               0
          1.616               0               0
          1.618               0               0
           1.62               0               0
          1.622               0               0
          1.624               0               0
          1.626               0               0
          1.628               0               0
           1.63               0               0
          1.632               0               0
          1.634               0               0
          1.636               0               0
          1.638               0               0
           1.64               0               0
          1.642               0               0
          1.644               0               0
          1.646               0               0
          1.648               0               0
           1.65               0               0
          1.652               0               0
          1.654               0               0
          1.656               0               0
          1.658               0               0
           1.66               0               0
          1.662               0               0
          1.664               0               0
          1.666               0               0
          1.668               0               0
           1.67               0               0
          1.672               0               0
          1.674               0               0
          1.676               0               0
          1.678               0               0
           1.68               0               0
          1.682               0               0
          1.684               0               0
          1.686               0               0
          1.688               0               0
           1.69               0               0
          1.692               0               0
          1.694               0               0
          1.696               0               0
          1.698               0               0
            1.7               0               0
          1.702               0               0
          1.704               0               0
          1.706               0               0
          1.708               0               0
           1.71               0               0
          1.712               0               0
          1.714               0               0
          1.716               0               0
          1.718               0               0
           1.72               0               0
          1.722               0               0
          1.724               0               0
          1.726               0               0
          1.728               0               0
           1.73               0               0
          1.732               0               0
          1.734               0               0
          1.736               0               0
          1.738               0               0
           1.74               0               0
          1.742               0               0
          1.744               0               0
          1.746               0               0
          1.748               0               0
           1.75               0               0
          1.752               0               0
          1.754               0               0
          1.756               0               0
          1.758               0               0
           1.76               0               0
          1.762               0               0
          1.764               0               0
          1.766               0               0
          1.768               0               0
           1.77               0               0
          1.772               0               0
          1.774               0               0
          1.776               0               0
          1.778               0               0
           1.78               0               0
          1.782               0               0
          1.784               0               0
          1.786               0               0
          1.788               0               0
           1.79               0               0
          1.792               0               0
          1.794               0               0
          1.796               0               0
          1.798               0               0
            1.8               0               0
          1.802               0               0
          1.804               0               0
          1.806               0               0
          1.808               0               0
           1.81               0               0
          1.812               0               0
          1.814               0               0
          1.816               0               0
          1.818               0               0
           1.82               0               0
          1.822               0               0
          1.824               0               0
          1.826               0               0
          1.828               0               0
           1.83               0               0
          1.832               0               0
          1.834               0               0
          1.836               0               0
          1.838               0               0
           1.84               0               0
          1.842               0               0
          1.844               0               0
          1.846               0               0
          1.848               0               0
           1.85               0               0
          1.852               0               0
          1.854               0               0
          1.856               0               0
          1.858               0               0
           1.86               0               0
          1.862               0               0
          1.864               0               0
          1.866               0               0
          1.868               0               0
           1.87               0               0
          1.872               0               0
          1.874               0               0
          1.876               0               0
          1.878               0               0
           1.88               0               0
          1.882               0               0
          1.884               0               0
          1.886               0               0
          1.888               0               0
           1.89               0               0
          1.892               0               0
          1.894               0               0
          1.896               0               0
          1.898               0               0
            1.9               0               0
          1.902               0               0
          1.904               0               0
          1.906               0               0
          1.908               0               0
           1.91               0               0
          1.912               0               0
          1.914               0               0
          1.916               0               0
          1.918               0               0
           1.92               0               0
          1.922               0               0
          1.924               0               0
          1.926               0               0
          1.928               0               0
           1.93               0               0
          1.932               0               0
          1.934               0               0
          1.936               0               0
          1.938               0               0
           1.94               0               0
          1.942               0               0
          1.944               0               0
          1.946               0               0
          1.948               0               0
           1.95               0               0
          1.952               0               0
          1.954               0               0
          1.956               0               0
          1.958               0               0
           1.96               0               0
          1.962               0               0
          1.964               0               0
          1.966               0               0
          1.968               0               0
           1.97               0               0
          1.972               0               0
          1.974               0               0
          1.976               0               0
          1.978               0               0
           1.98               0               0
          1.982               0               0
          1.984               0               0
          1.986               0               0
          1.988               0               0
           1.99               0               0
          1.992               0               0
          1.994               0               0
          1.996               0               0
          1.998               0               0
              2               0               0
          2.002               0               0
          2.004               0               0
          2.006               0               0
          2.008               0               0
           2.01               0               0
          2.012               0               0
          2.014               0               0
          2.016               0               0
          2.018               0               0
           2.02               0               0
          2.022               0               0
          2.024               0               0
          2.026               0               0
          2.028               0               0
           2.03               0               0
          2.032               0               0
          2.034               0               0
          2.036               0               0
          2.038               0               0
           2.04               0               0
          2.042               0               0
          2.044               0               0
          2.046               0               0
          2.048               0               0
           2.05               0               0
          2.052               0               0
          2.054               0               0
          2.056               0               0
          2.058               0               0
           2.06               0               0
          2.062               0               0
          2.064               0               0
          2.066               0               0
          2.068               0               0
           2.07               0               0
          2.072               0               0
          2.074               0               0
          2.076               0               0
          2.078               0               0
           2.08               0               0
          2.082               0               0
          2.084               0               0
          2.086               0               0
          2.088               0               0
           2.09               0               0
          2.092               0               0
          2.094               0               0
          2.096               0               0
          2.098               0               0
            2.1               0               0
          2.102               0               0
          2.104               0               0
          2.106               0               0
          2.108               0               0
           2.11               0               0
          2.112               0               0
          2.114               0               0
          2.116               0               0
          2.118               0               0
           2.12               0               0
          2.122               0               0
          2.124               0               0
          2.126               0               0
          2.128               0               0
           2.13               0               0
          2.132               0               0
          2.134               0               0
          2.136               0               0
          2.138               0               0
           2.14               0               0
          2.142               0               0
          2.144               0               0
          2.146               0               0
          2.148               0               0
           2.15               0               0
          2.152               0               0
          2.154               0               0
          2.156               0               0
          2.158               0               0
           2.16               0               0
          2.162               0               0
          2.164               0               0
          2.166               0               0
          2.168               0               0
           2.17               0               0
          2.172               0               0
          2.174               0               0
          2.176               0               0
          2.178               0               0
           2.18               0               0
          2.182               0               0
          2.184               0               0
          2.186               0               0
          2.188               0               0
           2.19               0               0
          2.192               0               0
          2.194               0               0
          2.196               0               0
          2.198               0               0
            2.2               0               0
          2.202               0               0
          2.204               0               0
          2.206               0               0
          2.208               0               0
           2.21               0               0
          2.212               0               0
          2.214               0               0
          2.216               0               0
          2.218               0               0
           2.22               0               0
          2.222               0               0
          2.224               0               0
          2.226               0               0
          2.228               0               0
           2.23               0               0
          2.232               0               0
          2.234               0               0
          2.236               0               0
          2.238               0               0
           2.24               0               0
          2.242               0               0
          2.244               0               0
          2.246               0               0
          2.248               0               0
           2.25               0               0
          2.252               0               0
          2.254               0               0
          2.256               0               0
          2.258               0               0
           2.26               0               0
          2.262               0               0
          2.264               0               0
          2.266               0               0
          2.268               0               0
           2.27               0               0
          2.272               0               0
          2.274               0               0
          2.276               0               0
          2.278               0               0
           2.28               0               0
          2.282               0               0
          2.284               0               0
          2.286               0               0
          2.288               0               0
           2.29               0               0
          2.292               0               0
          2.294               0               0
          2.296               0               0
          2.298               0               0
            2.3               0               0
          2.302               0               0
          2.304               0               0
          2.306               0               0
          2.308               0               0
           2.31               0               0
          2.312               0               0
          2.314               0               0
          2.316               0               0
          2.318               0               0
           2.32               0               0
          2.322               0               0
          2.324               0               0
          2.326               0               0
          2.328               0               0
           2.33               0               0
          2.332               0               0
          2.334               0               0
          2.336               0               0
          2.338               0               0
           2.34               0               0
          2.342               0               0
          2.344               0               0
          2.346               0               0
          2.348               0               0
           2.35               0               0
          2.352               0               0
          2.354               0               0
          2.356               0               0
          2.358               0               0
           2.36               0               0
          2.362               0               0
          2.364               0               0
          2.366               0               0
          2.368               0               0
           2.37               0               0
          2.372               0               0
          2.374               0               0
          2.376               0               0
          2.378               0               0
           2.38               0               0
          2.382               0               0
          2.384               0               0
          2.386               0               0
          2.388               0               0
           2.39               0               0
          2.392               0               0
          2.394               0               0
          2.396               0               0
          2.398               0               0
            2.4               0               0
          2.402               0               0
          2.404               0               0
          2.406               0               0
          2.408               0               0
           2.41               0               0
          2.412               0               0
          2.414               0               0
          2.416               0               0
          2.418               0               0
           2.42               0               0
          2.422               0               0
          2.424               0               0
          2.426               0               0
          2.428               0               0
           2.43               0               0
          2.432               0               0
          2.434               0               0
          2.436               0               0
          2.438               0               0
           2.44               0               0
          2.442               0               0
          2.444               0               0
          2.446               0               0
          2.448               0               0
           2.45               0               0
          2.452               0               0
          2.454               0               0
          2.456               0               0
          2.458               0               0
           2.46               0               0
          2.462               0               0
          2.464               0               0
          2.466               0               0
          2.468               0               0
           2.47               0               0
          2.472               0               0
          2.474               0               0
          2.476               0               0
          2.478               0               0
           2.48               0               0
          2.482               0               0
          2.484               0               0
          2.486               0               0
          2.488               0               0
           2.49               0               0
          2.492               0               0
          2.494               0               0
          2.496               0               0
          2.498               0               0
            2.5               0               0
