          0.002       4610.8545       41876.756
          0.004       4527.4813       41496.423
          0.006       4444.8688       41116.089
          0.008        4363.017       40735.756
           0.01       4281.9258       40355.422
          0.012       4201.5953       39975.089
          0.014       4122.0254       39594.755
          0.016       4043.2163       39214.422
          0.018       3965.1677       38834.088
           0.02       3887.8799       38453.754
          0.022       3811.3527       38073.421
          0.024       3735.5862       37693.087
          0.026       3660.5804       37312.754
          0.028       3586.3352        36932.42
           0.03       3512.8507       36552.087
          0.032       3440.1269       36171.753
          0.034       3368.1637       35791.419
          0.036       3296.9612       35411.086
          0.038       3226.5193       35030.752
           0.04       3156.8382       34650.419
          0.042       3087.9177       34270.085
          0.044       3019.7578       33889.752
          0.046       2952.3587       33509.418
          0.048       2885.7202       33129.084
           0.05       2819.8423       32748.751
          0.052       2754.7252       32368.417
          0.054       2690.3687       31988.084
          0.056       2626.7728        31607.75
          0.058       2563.9377       31227.417
           0.06       2501.8632       30847.083
          0.062       2440.5493        30466.75
          0.064       2379.9962       30086.416
          0.066       2320.2037       29706.082
          0.068       2261.1718       29325.749
           0.07       2202.9007       28945.415
          0.072       2145.3902       28565.082
          0.074       2088.6403       28184.748
          0.076       2032.6512       27804.415
          0.078       1977.4227       27424.081
           0.08       1922.9549       27043.747
          0.082       1869.2477       26663.414
          0.084       1816.3012        26283.08
          0.086       1764.1154       25902.747
          0.088       1712.6902       25522.413
           0.09       1662.0257        25142.08
          0.092       1612.1219       24761.746
          0.094       1562.9787       24381.412
          0.096       1514.5962       24001.079
          0.098       1466.9744       23620.745
            0.1       1420.1133       23240.412
          0.102       1374.0128       22860.078
          0.104       1328.6729       22479.745
          0.106       1284.0938       22099.411
          0.108       1240.2753       21719.078
           0.11       1197.2175       21338.744
          0.112       1154.9203        20958.41
          0.114       1113.3838       20578.077
          0.116        1072.608       20197.743
          0.118       1032.5929        19817.41
           0.12       993.33838       19437.076
          0.122       954.84456       19056.743
          0.124       917.11141       18676.409
          0.126       880.13893       18296.075
          0.128       843.92711       17915.742
           0.13       808.47596       17535.408
          0.132       773.78548       17155.075
          0.134       739.85566       16774.741
          0.136       706.68651       16394.408
          0.138       674.27803       16014.074
           0.14       642.63021        15633.74
          0.142       611.74307       15253.407
          0.144       581.61659       14873.073
          0.146       552.25077        14492.74
          0.148       523.64563       14112.406
           0.15       495.80115       13732.073
          0.152       468.71734       13351.739
          0.154       442.39419       12971.406
          0.156       416.83172       12591.072
          0.158       392.02991       12210.738
           0.16       367.98876       11830.405
          0.162       344.70829       11450.071
          0.164       322.18848       11069.738
          0.166       300.42934       10689.404
          0.168       279.43086       10309.071
           0.17       259.19305        9928.737
          0.172       239.71591       9548.4034
          0.174       220.99944       9168.0698
          0.176       203.04363       8787.7363
          0.178       185.84849       8407.4027
           0.18       169.41402       8027.0692
          0.182       153.74022       7646.7356
          0.184       138.82708        7266.402
          0.186       124.67461       6886.0685
          0.188       111.28281       6505.7349
           0.19        98.65167       6125.4013
          0.192       86.781201       5745.0678
          0.194       75.671399       5364.7342
          0.196       65.322264       4984.4006
          0.198       55.733796       4604.0671
            0.2       46.905996       4223.7335
          0.202       38.838862       3843.3999
          0.204       31.532396       3463.0664
          0.206       24.986597       3082.7328
          0.208       19.201465       2702.3992
           0.21          14.177       2659.0287
          0.212         8.56535        2504.925
          0.214          4.1573        2080.186
          0.216        0.244606         1813.02
          0.218        -3.09478       1527.4715
           0.22        -5.86528       1288.0325
          0.222        -8.24691        1106.755
          0.224        -10.2923        920.9225
          0.226        -11.9306         743.075
          0.228        -13.2646           584.9
           0.23        -14.2702         429.425
          0.232        -14.9823         285.125
          0.234        -15.4107           149.4
          0.236        -15.5799          20.925
          0.238        -15.4944        -100.025
           0.24        -15.1798        -209.375
          0.242        -14.6569        -304.125
          0.244        -13.9633        -352.825
          0.246        -13.2456         -261.35
          0.248        -12.9179            62.1
           0.25         -13.494         464.575
          0.252        -14.7762          664.65
          0.254        -16.1526         627.425
          0.256        -17.2859           480.7
          0.258        -18.0754          301.75
           0.26        -18.4929           116.9
          0.262         -18.543         -64.825
          0.264        -18.2336        -241.025
          0.266        -17.5789        -413.825
          0.268        -16.5783         -586.65
           0.27        -15.2323        -753.775
          0.272        -13.5632          -918.8
          0.274        -11.5571      -1085.7075
          0.276        -9.22037      -1258.9525
          0.278        -6.52129      -1420.9775
           0.28        -3.53646      -1589.5612
          0.282       -0.163045      -1828.1375
          0.284         3.77609      -1971.3537
          0.286         7.72237      -2465.7775
          0.288         13.6392      -2701.2825
           0.29         18.5275      -2532.9211
          0.292       23.770885      -2784.8162
          0.294       29.666765      -3111.0642
          0.296       36.215141      -3437.3121
          0.298       43.416013        -3763.56
            0.3       51.269381      -4089.8079
          0.302       59.775245      -4416.0558
          0.304       68.933605      -4742.3037
          0.306        78.74446      -5068.5517
          0.308       89.207811      -5394.7996
           0.31       100.32366      -5721.0475
          0.312         112.092      -6047.2954
          0.314       124.51284      -6373.5433
          0.316       137.58617      -6699.7912
          0.318         151.312      -7026.0391
           0.32       165.69033      -7352.2871
          0.322       180.72115       -7678.535
          0.324       196.40447      -8004.7829
          0.326       212.74028      -8331.0308
          0.328       229.72859      -8657.2787
           0.33        247.3694      -8983.5266
          0.332        265.6627      -9309.7746
          0.334        284.6085      -9636.0225
          0.336       304.20679      -9962.2704
          0.338       324.45758      -10288.518
           0.34       345.36086      -10614.766
          0.342       366.91664      -10941.014
          0.344       389.12492      -11267.262
          0.346       411.98569       -11593.51
          0.348       435.49896      -11919.758
           0.35       459.66472      -12246.006
          0.352       484.48298      -12572.254
          0.354       509.95374      -12898.502
          0.356       536.07699       -13224.75
          0.358       562.85274      -13550.997
           0.36       590.28098      -13877.245
          0.362       618.36172      -14203.493
          0.364       647.09495      -14529.741
          0.366       676.48068      -14855.989
          0.368       706.51891      -15182.237
           0.37       737.20963      -15508.485
          0.372       768.55285      -15834.733
          0.374       800.54856      -16160.981
          0.376       833.19677      -16487.229
          0.378       866.49748      -16813.477
           0.38       900.45068      -17139.725
          0.382       935.05638      -17465.972
          0.384       970.31457       -17792.22
          0.386       1006.2253      -18118.468
          0.388       1042.7884      -18444.716
           0.39       1080.0041      -18770.964
          0.392       1117.8723      -19097.212
          0.394        1156.393       -19423.46
          0.396       1195.5661      -19749.708
          0.398       1235.3918      -20075.956
            0.4         1275.87      -20402.204
          0.402       1317.0006      -20728.452
          0.404       1358.7838        -21054.7
          0.406       1401.2194      -21380.947
          0.408       1444.3076      -21707.195
           0.41       1488.0482      -22033.443
          0.412       1532.4413      -22359.691
          0.414        1577.487      -22685.939
          0.416       1623.1851      -23012.187
          0.418       1669.5357      -23338.435
           0.42       1716.5388      -23664.683
          0.422       1764.1944      -23990.931
          0.424       1812.5025      -24317.179
          0.426       1861.4632      -24643.427
          0.428       1911.0763      -24969.674
           0.43       1961.3419      -25295.922
          0.432       2012.2599       -25622.17
          0.434       2063.8305      -25948.418
          0.436       2116.0536      -26274.666
          0.438       2168.9292      -26600.914
           0.44       2222.4573      -26927.162
          0.442       2276.6378       -27253.41
          0.444       2331.4709      -27579.658
          0.446       2386.9565      -27905.906
          0.448       2443.0945      -28232.154
           0.45       2499.8851      -28558.402
          0.452       2557.3281      -28884.649
          0.454       2615.4237      -29210.897
          0.456       2674.1717      -29537.145
          0.458       2733.5723      -29863.393
           0.46       2793.6253      -30189.641
          0.462       2854.3308      -30515.889
          0.464       2915.6889      -30842.137
          0.466       2977.6994      -31168.385
          0.468       3040.3624      -31494.633
           0.47       3103.6779      -31820.881
          0.472       3167.6459      -32147.129
          0.474       3232.2664      -32473.377
          0.476       3297.5394      -32799.624
          0.478       3363.4649      -33125.872
           0.48       3430.0429       -33452.12
          0.482       3497.2734      -33778.368
          0.484       3565.1564      -34104.616
          0.486       3633.6919      -34430.864
          0.488       3702.8798      -34757.112
           0.49       3772.7203       -35083.36
          0.492       3843.2133      -35409.608
          0.494       3914.3588      -35735.856
          0.496       3986.1567      -36062.104
          0.498       4058.6072      -36388.352
            0.5       4131.7101      -36714.599
          0.502       4205.4656      -37040.847
          0.504       4279.8735      -37367.095
          0.506       4354.9339      -37693.343
          0.508       4430.6469      -38019.591
           0.51       4507.0123      -38345.839
          0.512       4584.0302      -38672.087
          0.514       4661.7007      -38998.335
          0.516       4740.0236      -39324.583
          0.518        4818.999      -39650.831
           0.52       4898.6269      -39977.079
          0.522       4978.9073      -40303.327
          0.524       5059.8402      -40629.574
          0.526       5141.4256      -40955.822
          0.528       5223.6635       -41282.07
           0.53       5306.5539      -41608.318
          0.532       5390.0968      -41934.566
          0.534       5474.2921      -42260.814
          0.536         5559.14      -42587.062
          0.538       5644.6404       -42913.31
           0.54       5730.7933      -43239.558
          0.542       5817.5986      -43565.806
          0.544       5905.0565      -43892.054
          0.546       5993.1668      -44218.301
          0.548       6081.9297      -44544.549
           0.55        6171.345      -44870.797
          0.552       6261.4129      -45197.045
          0.554       6352.1332      -45523.293
          0.556        6443.506      -45849.541
          0.558       6535.5314      -46175.789
           0.56       6628.2092      -46502.037
          0.562       6721.5395      -46828.285
          0.564       6815.5223      -47154.533
          0.566       6910.1577      -47480.781
          0.568       7005.4455      -47807.029
           0.57       7101.3858      -48133.276
          0.572       7197.9786      -48459.524
          0.574       7295.2239      -48785.772
          0.576       7393.1217       -49112.02
          0.578        7491.672      -49438.268
           0.58       7590.8747      -49764.516
          0.582         7690.73      -50090.764
          0.584       7791.2378      -50417.012
          0.586       7892.3981       -50743.26
          0.588       7994.2108      -51069.508
           0.59       8096.6761      -51395.756
          0.592       8199.7939      -51722.004
          0.594       8303.5641      -52048.251
          0.596       8407.9869      -52374.499
          0.598       8513.0621      -52700.747
            0.6       8618.7898      -53026.995
          0.602       8725.1701      -53353.243
          0.604       8832.2028      -53679.491
          0.606        8939.888      -54005.739
          0.608       9048.2258      -54331.987
           0.61        9157.216      -54658.235
          0.612       9266.8587      -54984.483
          0.614       9377.1539      -55310.731
          0.616       9488.1016      -55636.979
          0.618       9599.7018      -55963.226
           0.62       9711.9545      -56289.474
          0.622       9824.8597      -56615.722
          0.624       9938.4174       -56941.97
          0.626       10052.628      -57268.218
          0.628        10167.49      -57594.466
           0.63       10283.005      -57920.714
          0.632       10399.173      -58246.962
          0.634       10515.993       -58573.21
          0.636       10633.466      -58899.458
          0.638       10751.591      -59225.706
           0.64       10870.369      -59551.954
          0.642       10989.799      -59878.201
          0.644       11109.882      -60204.449
          0.646       11230.617      -60530.697
          0.648       11352.004      -60856.945
           0.65       11474.045      -61183.193
          0.652       11596.737      -61509.441
          0.654       11720.082      -61835.689
          0.656        11844.08      -62161.937
          0.658        11968.73      -62488.185
           0.66       12094.033      -62814.433
          0.662       12219.988      -63140.681
          0.664       12346.595      -63466.928
          0.666       12473.856      -63793.176
          0.668       12601.768      -64119.424
           0.67       12730.333      -64445.672
          0.672       12859.551       -64771.92
          0.674       12989.421      -65098.168
          0.676       13119.943      -65424.416
          0.678       13251.119      -65750.664
           0.68       13382.946      -66076.912
          0.682       13515.426       -66403.16
          0.684       13648.559      -66729.408
          0.686       13782.344      -67055.656
          0.688       13916.781      -67381.903
           0.69       14051.871      -67708.151
          0.692       14187.614      -68034.399
          0.694       14324.009      -68360.647
          0.696       14461.057      -68686.895
          0.698       14598.757      -69013.143
            0.7       14737.109      -69339.391
          0.702       14876.114      -69665.639
          0.704       15015.772      -69991.887
          0.706       15156.082      -70318.135
          0.708       15297.044      -70644.383
           0.71       15438.659      -70970.631
          0.712       15580.927      -71296.878
          0.714       15723.847      -71623.126
          0.716       15867.419      -71949.374
          0.718       16011.644      -72275.622
           0.72       16156.522       -72601.87
          0.722       16302.052      -72928.118
          0.724       16448.234      -73254.366
          0.726       16595.069      -73580.614
          0.728       16742.557      -73906.862
           0.73       16890.697       -74233.11
          0.732       17039.489      -74559.358
          0.734       17188.934      -74885.606
          0.736       17339.032      -75211.853
          0.738       17489.782      -75538.101
           0.74       17641.184      -75864.349
          0.742       17793.239      -76190.597
          0.744       17945.946      -76516.845
          0.746       18099.306      -76843.093
          0.748       18253.319      -77169.341
           0.75       18407.984      -77495.589
          0.752       18563.301      -77821.837
          0.754       18719.271      -78148.085
          0.756       18875.893      -78474.333
          0.758       19033.168       -78800.58
           0.76       19191.096      -79126.828
          0.762       19349.676      -79453.076
          0.764       19508.908      -79779.324
          0.766       19668.793      -80105.572
          0.768        19829.33       -80431.82
           0.77        19990.52      -80758.068
          0.772       20152.363      -81084.316
          0.774       20314.857      -81410.564
          0.776       20478.005      -81736.812
          0.778       20641.805       -82063.06
           0.78       20806.257      -82389.308
          0.782       20971.362      -82715.555
          0.784       21137.119      -83041.803
          0.786       21303.529      -83368.051
          0.788       21470.592      -83694.299
           0.79       21638.306      -84020.547
          0.792       21806.674      -84346.795
          0.794       21975.694      -84673.043
          0.796       22145.366      -84999.291
          0.798       22315.691      -85325.539
            0.8       22486.668      -85651.787
          0.802       22658.298      -85978.035
          0.804        22830.58      -86304.283
          0.806       23003.515       -86630.53
          0.808       23177.102      -86956.778
           0.81       23351.342      -87283.026
          0.812       23526.234      -87609.274
          0.814       23701.779      -87935.522
          0.816       23877.976       -88261.77
          0.818       24054.826      -88588.018
           0.82       24232.329      -88914.266
          0.822       24410.483      -89240.514
          0.824       24589.291      -89566.762
          0.826        24768.75       -89893.01
          0.828       24948.863      -90219.258
           0.83       25129.627      -90545.505
          0.832       25311.045      -90871.753
          0.834       25493.114      -91198.001
          0.836       25675.837      -91524.249
          0.838       25859.211      -91850.497
           0.84       26043.239      -92176.745
          0.842       26227.918      -92502.993
          0.844       26413.251      -92829.241
          0.846       26599.235      -93155.489
          0.848       26785.873      -93481.737
           0.85       26973.162      -93807.985
          0.852       27161.105      -94134.233
          0.854       27349.699       -94460.48
          0.856       27538.946      -94786.728
          0.858       27728.846      -95112.976
           0.86       27919.398      -95439.224
          0.862       28110.603      -95765.472
          0.864        28302.46       -96091.72
          0.866        28494.97      -96417.968
          0.868       28688.132      -96744.216
           0.87       28881.947      -97070.464
          0.872       29076.414      -97396.712
          0.874       29271.534       -97722.96
          0.876       29467.306      -98049.208
          0.878        29663.73      -98375.455
           0.88       29860.808      -98701.703
          0.882       30058.537      -99027.951
          0.884       30256.919      -99354.199
          0.886       30455.954      -99680.447
          0.888       30655.641      -100006.69
           0.89       30855.981      -100332.94
          0.892       31056.973      -100659.19
          0.894       31258.618      -100985.44
          0.896       31460.915      -101311.69
          0.898       31663.864      -101637.93
            0.9       31867.466      -101964.18
          0.902       32071.721      -102290.43
          0.904       32276.628      -102616.68
          0.906       32482.188      -102942.93
          0.908         32688.4      -103269.17
           0.91       32895.265      -103595.42
          0.912       33102.782      -103921.67
          0.914       33310.951      -104247.92
          0.916       33519.773      -104574.17
          0.918       33729.248      -104900.41
           0.92       33939.375      -105226.66
          0.922       34150.155      -105552.91
          0.924       34361.587      -105879.16
          0.926       34573.671      -106205.41
          0.928       34786.408      -106531.65
           0.93       34999.798       -106857.9
          0.932        35213.84      -107184.15
          0.934       35428.534       -107510.4
          0.936       35643.881      -107836.64
          0.938       35859.881      -108162.89
           0.94       36076.533      -108489.14
          0.942       36293.837      -108815.39
          0.944       36511.795      -109141.64
          0.946       36730.404      -109467.88
          0.948       36949.666      -109794.13
           0.95       37169.581      -110120.38
          0.952       37390.148      -110446.63
          0.954       37611.367      -110772.88
          0.956       37833.239      -111099.12
          0.958       38055.764      -111425.37
           0.96       38278.941      -111751.62
          0.962        38502.77      -112077.87
          0.964       38727.252      -112404.12
          0.966       38952.387      -112730.36
          0.968       39178.173      -113056.61
           0.97       39404.613      -113382.86
          0.972       39631.705      -113709.11
          0.974       39859.449      -114035.36
          0.976       40087.846       -114361.6
          0.978       40316.896      -114687.85
           0.98       40546.598       -115014.1
          0.982       40776.952      -115340.35
          0.984       41007.959      -115666.59
          0.986       41239.619      -115992.84
          0.988       41471.931      -116319.09
           0.99       41704.895      -116645.34
          0.992       41938.512      -116971.59
          0.994       42172.781      -117297.83
          0.996       42407.703      -117624.08
          0.998       42643.278      -117950.33
              1       42879.505      -118276.58
          1.002       43116.384      -118602.83
          1.004       43353.916      -118929.07
          1.006         43592.1      -119255.32
          1.008       43830.937      -119581.57
           1.01       44070.427      -119907.82
          1.012       44310.568      -120234.07
          1.014       44551.363      -120560.31
          1.016        44792.81      -120886.56
          1.018       45034.909      -121212.81
           1.02       45277.661      -121539.06
          1.022       45521.065      -121865.31
          1.024       45765.122      -122191.55
          1.026       46009.831       -122517.8
          1.028       46255.193      -122844.05
           1.03       46501.208       -123170.3
          1.032       46747.875      -123496.54
          1.034       46995.194      -123822.79
          1.036       47243.166      -124149.04
          1.038        47491.79      -124475.29
           1.04       47741.067      -124801.54
          1.042       47990.996      -125127.78
          1.044       48241.578      -125454.03
          1.046       48492.812      -125780.28
          1.048       48744.699      -126106.53
           1.05       48997.238      -126432.78
          1.052        49250.43      -126759.02
          1.054       49504.274      -127085.27
          1.056       49758.771      -127411.52
          1.058       50013.921      -127737.77
           1.06       50269.722      -128064.02
          1.062       50526.177      -128390.26
          1.064       50783.283      -128716.51
          1.066       51041.043      -129042.76
          1.068       51299.454      -129369.01
           1.07       51558.519      -129695.26
          1.072       51818.235       -130021.5
          1.074       52078.605      -130347.75
          1.076       52339.626         -130674
          1.078       52601.301      -131000.25
           1.08       52863.627      -131326.49
          1.082       53126.607      -131652.74
          1.084       53390.238      -131978.99
          1.086       53654.523      -132305.24
          1.088       53919.459      -132631.49
           1.09       54185.049      -132957.73
          1.092        54451.29      -133283.98
          1.094       54718.185      -133610.23
          1.096       54985.731      -133936.48
          1.098        55253.93      -134262.73
            1.1       55522.782      -134588.97
          1.102       55792.286      -134915.22
          1.104       56062.443      -135241.47
          1.106       56333.252      -135567.72
          1.108       56604.714      -135893.97
           1.11       56876.828      -136220.21
          1.112       57149.595      -136546.46
          1.114       57423.014      -136872.71
          1.116       57697.086      -137198.96
          1.118        57971.81      -137525.21
           1.12       58247.186      -137851.45
          1.122       58523.216       -138177.7
          1.124       58799.897      -138503.95
          1.126       59077.231       -138830.2
          1.128       59355.218      -139156.44
           1.13       59633.857      -139482.69
          1.132       59913.149      -139808.94
          1.134       60193.093      -140135.19
          1.136        60473.69      -140461.44
          1.138       60754.939      -140787.68
           1.14        61036.84      -141113.93
          1.142       61319.394      -141440.18
          1.144       61602.601      -141766.43
          1.146        61886.46      -142092.68
          1.148       62170.972      -142418.92
           1.15       62456.136      -142745.17
          1.152       62741.952      -143071.42
          1.154       63028.421      -143397.67
          1.156       63315.543      -143723.92
          1.158       63603.317      -144050.16
           1.16       63891.744      -144376.41
          1.162       64180.823      -144702.66
          1.164       64470.554      -145028.91
          1.166       64760.938      -145355.16
          1.168       65051.975       -145681.4
           1.17       65343.664      -146007.65
          1.172       65636.006       -146333.9
          1.174           65929      -146660.15
          1.176       66222.646      -146986.39
          1.178       66516.945      -147312.64
           1.18       66811.897      -147638.89
          1.182       67107.501      -147965.14
          1.184       67403.757      -148291.39
          1.186       67700.666      -148617.63
          1.188       67998.228      -148943.88
           1.19       68296.442      -149270.13
          1.192       68595.308      -149596.38
          1.194       68894.827      -149922.63
          1.196       69194.999      -150248.87
          1.198       69495.823      -150575.12
            1.2       69797.299      -150901.37
          1.202       70099.428      -151227.62
          1.204        70402.21      -151553.87
          1.206       70705.644      -151880.11
          1.208        71009.73      -152206.36
           1.21       71314.469      -152532.61
          1.212       71619.861      -152858.86
          1.214       71925.905      -153185.11
          1.216       72232.601      -153511.35
          1.218        72539.95       -153837.6
           1.22       72847.952      -154163.85
          1.222       73156.605       -154490.1
          1.224       73465.912      -154816.34
          1.226       73775.871      -155142.59
          1.228       74086.482      -155468.84
           1.23       74397.746      -155795.09
          1.232       74709.663      -156121.34
          1.234       75022.232      -156447.58
          1.236       75335.453      -156773.83
          1.238       75649.327      -157100.08
           1.24       75963.853      -157426.33
          1.242       76279.032      -157752.58
          1.244       76594.864      -158078.82
          1.246       76911.347      -158405.07
          1.248       77228.484      -158731.32
           1.25       77546.273      -159057.57
          1.252       77864.714      -159383.82
          1.254       78183.808      -159710.06
          1.256       78503.554      -160036.31
          1.258       78823.953      -160362.56
           1.26       79145.005      -160688.81
          1.262       79466.709      -161015.06
          1.264       79789.065       -161341.3
          1.266       80112.074      -161667.55
          1.268       80435.735       -161993.8
           1.27       80760.049      -162320.05
          1.272       81085.015      -162646.29
          1.274       81410.634      -162972.54
          1.276       81736.905      -163298.79
          1.278       82063.829      -163625.04
           1.28       82391.406      -163951.29
          1.282       82719.634      -164277.53
          1.284       83048.516      -164603.78
          1.286        83378.05      -164930.03
          1.288       83708.236      -165256.28
           1.29       84039.075      -165582.53
          1.292       84370.566      -165908.77
          1.294        84702.71      -166235.02
          1.296       85035.506      -166561.27
          1.298       85368.955      -166887.52
            1.3       85703.056      -167213.77
          1.302        86037.81      -167540.01
          1.304       86373.216      -167866.26
          1.306       86709.275      -168192.51
          1.308       87045.986      -168518.76
           1.31        87383.35      -168845.01
          1.312       87721.366      -169171.25
          1.314       88060.035       -169497.5
          1.316       88399.356      -169823.75
          1.318        88739.33         -170150
           1.32       89079.956      -170476.24
          1.322       89421.235      -170802.49
          1.324       89763.166      -171128.74
          1.326        90105.75      -171454.99
          1.328       90448.986      -171781.24
           1.33       90792.875      -172107.48
          1.332       91137.416      -172433.73
          1.334        91482.61      -172759.98
          1.336       91828.456      -173086.23
          1.338       92174.955      -173412.48
           1.34       92522.106      -173738.72
          1.342        92869.91      -174064.97
          1.344       93218.366      -174391.22
          1.346       93567.474      -174717.47
          1.348       93917.236      -175043.72
           1.35       94267.649      -175369.96
          1.352       94618.716      -175696.21
          1.354       94970.434      -176022.46
          1.356       95322.805      -176348.71
          1.358       95675.829      -176674.96
           1.36       96029.505       -177001.2
          1.362       96383.834      -177327.45
          1.364       96738.815       -177653.7
          1.366       97094.449      -177979.95
          1.368       97450.735      -178306.19
           1.37       97807.673      -178632.44
          1.372       98165.265      -178958.69
          1.374       98523.508      -179284.94
          1.376       98882.404      -179611.19
          1.378       99241.953      -179937.43
           1.38       99602.154      -180263.68
          1.382       99963.008      -180589.93
          1.384       100324.51      -180916.18
          1.386       100686.67      -181242.43
          1.388       101049.48      -181568.67
           1.39       101412.95      -181894.92
          1.392       101777.06      -182221.17
          1.394       102141.83      -182547.42
          1.396       102507.25      -182873.67
          1.398       102873.33      -183199.91
            1.4       103240.05      -183526.16
          1.402       103607.43      -183852.41
          1.404       103975.46      -184178.66
          1.406       104344.15      -184504.91
          1.408       104713.48      -184831.15
           1.41       105083.47       -185157.4
          1.412       105454.11      -185483.65
          1.414        105825.4       -185809.9
          1.416       106197.35      -186136.14
          1.418       106569.95      -186462.39
           1.42        106943.2      -186788.64
          1.422        107317.1      -187114.89
          1.424       107691.66      -187441.14
          1.426       108066.87      -187767.38
          1.428       108442.73      -188093.63
           1.43       108819.24      -188419.88
          1.432       109196.41      -188746.13
          1.434       109574.23      -189072.38
          1.436        109952.7      -189398.62
          1.438       110331.82      -189724.87
           1.44        110711.6      -190051.12
          1.442       111092.03      -190377.37
          1.444       111473.11      -190703.62
          1.446       111854.84      -191029.86
          1.448       112237.23      -191356.11
           1.45       112620.27      -191682.36
          1.452       113003.96      -192008.61
          1.454        113388.3      -192334.86
          1.456        113773.3       -192661.1
          1.458       114158.94      -192987.35
           1.46       114545.25       -193313.6
          1.462        114932.2      -193639.85
          1.464        115319.8      -193966.09
          1.466       115708.06      -194292.34
          1.468       116096.97      -194618.59
           1.47       116486.54      -194944.84
          1.472       116876.75      -195271.09
          1.474       117267.62      -195597.33
          1.476       117659.14      -195923.58
          1.478       118051.32      -196249.83
           1.48       118444.14      -196576.08
          1.482       118837.62      -196902.33
          1.484       119231.75      -197228.57
          1.486       119626.53      -197554.82
          1.488       120021.97      -197881.07
           1.49       120418.06      -198207.32
          1.492        120814.8      -198533.57
          1.494       121212.19      -198859.81
          1.496       121610.24      -199186.06
          1.498       122008.94      -199512.31
            1.5       122408.29      -199838.56
          1.502       122808.29       -200164.8
          1.504       123208.95      -200491.05
          1.506       123610.26       -200817.3
          1.508       124012.22      -201143.55
           1.51       124414.83       -201469.8
          1.512        124818.1      -201796.04
          1.514       125222.01      -202122.29
          1.516       125626.59      -202448.54
          1.518       126031.81      -202774.79
           1.52       126437.68      -203101.04
          1.522       126844.21      -203427.28
          1.524       127251.39      -203753.53
          1.526       127659.23      -204079.78
          1.528       128067.71      -204406.03
           1.53       128476.85      -204732.28
          1.532       128886.64      -205058.52
          1.534       129297.08      -205384.77
          1.536       129708.18      -205711.02
          1.538       130119.93      -206037.27
           1.54       130532.33      -206363.52
          1.542       130945.38      -206689.76
          1.544       131359.09      -207016.01
          1.546       131773.45      -207342.26
          1.548       132188.46      -207668.51
           1.55       132604.12      -207994.75
          1.552       133020.44         -208321
          1.554       133437.41      -208647.25
          1.556       133855.03       -208973.5
          1.558        134273.3      -209299.75
           1.56       134692.22      -209625.99
          1.562        135111.8      -209952.24
          1.564       135532.03      -210278.49
          1.566       135952.92      -210604.74
          1.568       136374.45      -210930.99
           1.57       136796.64      -211257.23
          1.572       137219.48      -211583.48
          1.574       137642.97      -211909.73
          1.576       138067.12      -212235.98
          1.578       138491.92      -212562.23
           1.58       138917.37      -212888.47
          1.582       139343.47      -213214.72
          1.584       139770.23      -213540.97
          1.586       140197.64      -213867.22
          1.588        140625.7      -214193.47
           1.59       141054.41      -214519.71
          1.592       141483.78      -214845.96
          1.594       141913.79      -215172.21
          1.596       142344.47      -215498.46
          1.598       142775.79       -215824.7
            1.6       143207.76      -216150.95
          1.602       143640.39       -216477.2
          1.604       144073.67      -216803.45
          1.606       144507.61       -217129.7
          1.608       144942.19      -217455.94
           1.61       145377.43      -217782.19
          1.612       145813.32      -218108.44
          1.614       146249.86      -218434.69
          1.616       146687.06      -218760.94
          1.618       147124.91      -219087.18
           1.62       147563.41      -219413.43
          1.622       148002.56      -219739.68
          1.624       148442.37      -220065.93
          1.626       148882.82      -220392.18
          1.628       149323.94      -220718.42
           1.63        149765.7      -221044.67
          1.632       150208.11      -221370.92
          1.634       150651.18      -221697.17
          1.636        151094.9      -222023.42
          1.638       151539.28      -222349.66
           1.64        151984.3      -222675.91
          1.642       152429.98      -223002.16
          1.644       152876.31      -223328.41
          1.646       153323.29      -223654.65
          1.648       153770.93       -223980.9
           1.65       154219.22      -224307.15
          1.652       154668.16       -224633.4
          1.654       155117.75      -224959.65
          1.656          155568      -225285.89
          1.658       156018.89      -225612.14
           1.66       156470.44      -225938.39
          1.662       156922.65      -226264.64
          1.664        157375.5      -226590.89
          1.666       157829.01      -226917.13
          1.668       158283.17      -227243.38
           1.67       158737.98      -227569.63
          1.672       159193.45      -227895.88
          1.674       159649.57      -228222.13
          1.676       160106.34      -228548.37
          1.678       160563.76      -228874.62
           1.68       161021.84      -229200.87
          1.682       161480.56      -229527.12
          1.684       161939.95      -229853.37
          1.686       162399.98      -230179.61
          1.688       162860.66      -230505.86
           1.69          163322      -230832.11
          1.692       163783.99      -231158.36
          1.694       164246.64       -231484.6
          1.696       164709.93      -231810.85
          1.698       165173.88       -232137.1
            1.7       165638.48      -232463.35
          1.702       166103.73       -232789.6
          1.704       166569.64      -233115.84
          1.706        167036.2      -233442.09
          1.708       167503.41      -233768.34
           1.71       167971.27      -234094.59
          1.712       168439.78      -234420.84
          1.714       168908.95      -234747.08
          1.716       169378.77      -235073.33
          1.718       169849.25      -235399.58
           1.72       170320.37      -235725.83
          1.722       170792.15      -236052.08
          1.724       171264.58      -236378.32
          1.726       171737.66      -236704.57
          1.728        172211.4      -237030.82
           1.73       172685.79      -237357.07
          1.732       173160.83      -237683.32
          1.734       173636.52      -238009.56
          1.736       174112.86      -238335.81
          1.738       174589.86      -238662.06
           1.74       175067.51      -238988.31
          1.742       175545.81      -239314.55
          1.744       176024.77       -239640.8
          1.746       176504.38      -239967.05
          1.748       176984.64       -240293.3
           1.75       177465.55      -240619.55
          1.752       177947.12      -240945.79
          1.754       178429.33      -241272.04
          1.756        178912.2      -241598.29
          1.758       179395.73      -241924.54
           1.76        179879.9      -242250.79
          1.762       180364.73      -242577.03
          1.764       180850.21      -242903.28
          1.766       181336.34      -243229.53
          1.768       181823.13      -243555.78
           1.77       182310.57      -243882.03
          1.772       182798.66      -244208.27
          1.774        183287.4      -244534.52
          1.776        183776.8      -244860.77
          1.778       184266.84      -245187.02
           1.78       184757.54      -245513.27
          1.782        185248.9      -245839.51
          1.784        185740.9      -246165.76
          1.786       186233.56      -246492.01
          1.788       186726.87      -246818.26
           1.79       187220.83       -247144.5
          1.792       187715.45      -247470.75
          1.794       188210.72         -247797
          1.796       188706.64      -248123.25
          1.798       189203.21       -248449.5
            1.8       189700.43      -248775.74
          1.802       190198.31      -249101.99
          1.804       190696.84      -249428.24
          1.806       191196.02      -249754.49
          1.808       191695.86      -250080.74
           1.81       192196.35      -250406.98
          1.812       192697.49      -250733.23
          1.814       193199.28      -251059.48
          1.816       193701.73      -251385.73
          1.818       194204.82      -251711.98
           1.82       194708.57      -252038.22
          1.822       195212.98      -252364.47
          1.824       195718.03      -252690.72
          1.826       196223.74      -253016.97
          1.828        196730.1      -253343.22
           1.83       197237.11      -253669.46
          1.832       197744.78      -253995.71
          1.834       198253.09      -254321.96
          1.836       198762.06      -254648.21
          1.838       199271.69      -254974.45
           1.84       199781.96       -255300.7
          1.842       200292.89      -255626.95
          1.844       200804.47       -255953.2
          1.846        201316.7      -256279.45
          1.848       201829.59      -256605.69
           1.85       202343.13      -256931.94
          1.852       202857.32      -257258.19
          1.854       203372.16      -257584.44
          1.856       203887.65      -257910.69
          1.858        204403.8      -258236.93
           1.86        204920.6      -258563.18
          1.862       205438.05      -258889.43
          1.864       205956.16      -259215.68
          1.866       206474.92      -259541.93
          1.868       206994.33      -259868.17
           1.87       207514.39      -260194.42
          1.872        208035.1      -260520.67
          1.874       208556.47      -260846.92
          1.876       209078.49      -261173.17
          1.878       209601.16      -261499.41
           1.88       210124.49      -261825.66
          1.882       210648.47      -262151.91
          1.884        211173.1      -262478.16
          1.886       211698.38       -262804.4
          1.888       212224.32      -263130.65
           1.89        212750.9       -263456.9
          1.892       213278.14      -263783.15
          1.894       213806.04       -264109.4
          1.896       214334.58      -264435.64
          1.898       214863.78      -264761.89
            1.9       215393.63      -265088.14
          1.902       215924.13      -265414.39
          1.904       216455.29      -265740.64
          1.906       216987.09      -266066.88
          1.908       217519.55      -266393.13
           1.91       218052.67      -266719.38
          1.912       218586.43      -267045.63
          1.914       219120.85      -267371.88
          1.916       219655.92      -267698.12
          1.918       220191.64      -268024.37
           1.92       220728.02      -268350.62
          1.922       221265.04      -268676.87
          1.924       221802.72      -269003.12
          1.926       222341.06      -269329.36
          1.928       222880.04      -269655.61
           1.93       223419.68      -269981.86
          1.932       223959.97      -270308.11
          1.934       224500.91      -270634.35
          1.936       225042.51       -270960.6
          1.938       225584.75      -271286.85
           1.94       226127.65       -271613.1
          1.942       226671.21      -271939.35
          1.944       227215.41      -272265.59
          1.946       227760.27      -272591.84
          1.948       228305.78      -272918.09
           1.95       228851.94      -273244.34
          1.952       229398.75      -273570.59
          1.954       229946.22      -273896.83
          1.956       230494.34      -274223.08
          1.958       231043.11      -274549.33
           1.96       231592.54      -274875.58
          1.962       232142.62      -275201.83
          1.964       232693.35      -275528.07
          1.966       233244.73      -275854.32
          1.968       233796.76      -276180.57
           1.97       234349.45      -276506.82
          1.972       234902.79      -276833.07
          1.974       235456.78      -277159.31
          1.976       236011.43      -277485.56
          1.978       236566.73      -277811.81
           1.98       237122.68      -278138.06
          1.982       237679.28       -278464.3
          1.984       238236.53      -278790.55
          1.986       238794.44       -279116.8
          1.988          239353      -279443.05
           1.99       239912.21       -279769.3
          1.992       240472.08      -280095.54
          1.994       241032.59      -280421.79
          1.996       241593.76      -280748.04
          1.998       242155.59      -281074.29
              2       242718.06               0
