0 0 76.5282
0.0005 -0.0367697 64.5092
0.001 -0.0645092 52.4902
0.0015 -0.0892599 47.7128
0.002 -0.112222 45.3921
0.0025 -0.134652 44.5
0.003 -0.156722 42.99
0.0035 -0.177642 40.753
0.004 -0.197475 38.951
0.0045 -0.216593 38.051
0.005 -0.235526 37.509
0.0055 -0.254102 36.251
0.006 -0.271777 35.253
0.0065 -0.289355 34.726
0.007 -0.306503 33.689
0.0075 -0.323044 33.188
0.008 -0.339691 33.028
0.0085 -0.356072 32.123
0.009 -0.371814 31.006
0.0095 -0.387078 30.476
0.01 -0.40229 29.905
0.0105 -0.416983 29.031
0.011 -0.431321 28.615
0.0115 -0.445598 28.4
0.012 -0.459721 27.991
0.0125 -0.473589 27.353
0.013 -0.487074 26.462
0.0135 -0.500051 25.822
0.014 -0.512896 25.719
0.0145 -0.52577 25.351
0.015 -0.538247 25.116
0.0155 -0.550886 25.008
0.016 -0.563255 24.23
0.0165 -0.575116 23.583
0.017 -0.586838 23.178
0.0175 -0.598294 22.827
0.018 -0.609665 22.639
0.0185 -0.620933 22.225
0.019 -0.63189 21.63
0.0195 -0.642563 20.743
0.02 -0.652633 19.801
0.0205 -0.662364 19.498
0.021 -0.672131 19.257
0.0215 -0.681621 18.851
0.022 -0.690982 18.56
0.0225 -0.700181 18.127
0.023 -0.709109 17.673
0.0235 -0.717854 17.419
0.024 -0.726528 17.117
0.0245 -0.734971 16.485
0.025 -0.743013 15.761
0.0255 -0.750732 14.98
0.026 -0.757993 14.638
0.0265 -0.76537 14.643
0.027 -0.772636 14.051
0.0275 -0.779421 13.394
0.028 -0.78603 13.011
0.0285 -0.792432 12.665
0.029 -0.798695 12.282
0.0295 -0.804714 11.702
0.03 -0.810397 10.982
0.0305 -0.815696 10.242
0.031 -0.820639 9.672
0.0315 -0.825368 9.294
0.032 -0.829933 8.908
0.0325 -0.834276 8.536
0.033 -0.838469 8.04
0.0335 -0.842316 7.284
0.034 -0.845753 6.847
0.0345 -0.849163 6.699
0.035 -0.852452 6.054
0.0355 -0.855217 5.128
0.036 -0.85758 4.407
0.0365 -0.859624 3.746
0.037 -0.861326 3.272
0.0375 -0.862896 3.065
0.038 -0.864391 2.651
0.0385 -0.865547 2.018
0.039 -0.866409 1.544
0.0395 -0.867091 0.918
0.04 -0.867327 0.054
0.0405 -0.867145 -0.565
0.041 -0.866762 -1.062
0.0415 -0.866083 -1.735
0.042 -0.865027 -2.217
0.0425 -0.863866 -2.604
0.043 -0.862423 -3.208
0.0435 -0.860658 -3.817
0.044 -0.858606 -4.609
0.0445 -0.856049 -5.302
0.045 -0.853304 -5.654
0.0455 -0.850395 -6.288
0.046 -0.847016 -7.114
0.0465 -0.843281 -7.555
0.047 -0.839461 -8.091
0.0475 -0.83519 -8.982
0.048 -0.830479 -9.605
0.0485 -0.825585 -10.093
0.049 -0.820386 -10.737
0.0495 -0.814848 -11.444
0.05 -0.808942 -12.107
0.0505 -0.802741 -12.671
0.051 -0.796271 -13.258
0.0515 -0.789483 -13.956
0.052 -0.782315 -14.807
0.0525 -0.774676 -15.571
0.053 -0.766744 -16.017
0.0535 -0.758659 -16.433
0.054 -0.750311 -17.116
0.0545 -0.741543 -17.746
0.055 -0.732565 -18.297
0.0555 -0.723246 -19.061
0.056 -0.713504 -19.722
0.0565 -0.703524 -20.238
0.057 -0.693266 -20.804
0.0575 -0.68272 -21.413
0.058 -0.671853 -21.938
0.0585 -0.660782 -22.362
0.059 -0.649491 -22.802
0.0595 -0.63798 -23.292
0.06 -0.626199 -23.999
0.0605 -0.613981 -24.815
0.061 -0.601384 -25.486
0.0615 -0.588495 -25.897
0.062 -0.575487 -26.405
0.0625 -0.56209 -26.981
0.063 -0.548506 -27.332
0.0635 -0.534758 -27.736
0.064 -0.52077 -28.039
0.0645 -0.506719 -28.368
0.065 -0.492402 -29.018
0.0655 -0.477701 -29.657
0.066 -0.462745 -30.166
0.0665 -0.447535 -30.58
0.067 -0.432165 -30.905
0.0675 -0.41663 -31.518
0.068 -0.400647 -32.169
0.0685 -0.384461 -32.404
0.069 -0.368243 -32.716
0.0695 -0.351745 -33.303
0.07 -0.33494 -33.784
0.0705 -0.317961 -34.149
0.071 -0.300791 -34.461
0.0715 -0.2835 -34.834
0.072 -0.265957 -35.319
0.0725 -0.248181 -35.671
0.073 -0.230286 -36.061
0.0735 -0.21212 -36.639
0.074 -0.193647 -37.032
0.0745 -0.175088 -37.219
0.075 -0.156428 -37.518
0.0755 -0.13757 -37.936
0.076 -0.118492 -38.206
0.0765 -0.099364 -38.4612
0.077 -0.0800308 -39.003
0.0775 -0.060361 -39.4547
0.078 -0.0405761 -39.7059
0.0785 -0.0206551 -40.0315
0.079 -0.00054458 -40.3949
0.0795 0.0197398 -40.5509
0.08 0.0400063 -40.7671
0.0805 0.0605069 -41.2218
0.081 0.0812281 -41.4441
0.0815 0.101951 -41.6109
0.082 0.122839 -42.018
0.0825 0.143969 -42.315
0.083 0.165154 -42.372
0.0835 0.186341 -42.38
0.084 0.207534 -42.571
0.0845 0.228912 -43.008
0.085 0.250542 -43.433
0.0855 0.272345 -43.609
0.086 0.294151 -43.719
0.0865 0.316064 -43.993
0.087 0.338144 -44.276
0.0875 0.36034 -44.527
0.088 0.382671 -44.671
0.0885 0.405011 -44.952
0.089 0.427623 -45.247
0.0895 0.450258 -45.189
0.09 0.472812 -45.216
0.0905 0.495474 -45.368
0.091 0.51818 -45.541
0.0915 0.541015 -45.876
0.092 0.564056 -46.132
0.0925 0.587147 -46.246
0.093 0.610302 -46.356
0.0935 0.633503 -46.429
0.094 0.656731 -46.564
0.0945 0.680067 -46.69
0.095 0.703421 -46.879
0.0955 0.726946 -47.082
0.096 0.750503 -47.083
0.0965 0.774029 -47.241
0.097 0.797744 -47.471
0.0975 0.8215 -47.52
0.098 0.845264 -47.531
0.0985 0.869031 -47.673
0.099 0.892937 -47.736
0.0995 0.916767 -47.651
0.1 0.940588 -47.75
0.1005 0.964517 -47.89
0.101 0.988478 -47.963
0.1015 1.01248 -48.002
0.102 1.03648 -48.11
0.1025 1.06059 -48.11
0.103 1.08459 -47.99
0.1035 1.10858 -48.14
0.104 1.13273 -48.27
0.1045 1.15685 -48.26
0.105 1.18099 -48.44
0.1055 1.20529 -48.56
0.106 1.22955 -48.58
0.1065 1.25387 -48.72
0.107 1.27827 -48.65
0.1075 1.30252 -48.54
0.108 1.32681 -48.8
0.1085 1.35132 -49.03
0.109 1.37584 -48.99
0.1095 1.40031 -48.99
0.11 1.42483 -49.21
0.1105 1.44952 -49.48
0.111 1.47431 -49.47
0.1115 1.49899 -49.37
0.112 1.52368 -49.43
0.1125 1.54842 -49.53
0.113 1.57321 -49.66
0.1135 1.59808 -49.66
0.114 1.62287 -49.55
0.1145 1.64763 -49.69
0.115 1.67256 -50.03
0.1155 1.69766 -50.14
0.116 1.7227 -50.05
0.1165 1.74771 -50.17
0.117 1.77287 -50.41
0.1175 1.79812 -50.44
0.118 1.82331 -50.51
0.1185 1.84863 -50.77
0.119 1.87408 -50.88
0.1195 1.89951 -50.85
0.12 1.92493 -50.82
0.1205 1.95033 -50.83
0.121 1.97576 -50.93
0.1215 2.00126 -51.14
0.122 2.0269 -51.45
0.1225 2.05271 -51.69
0.123 2.07859 -51.76
0.1235 2.10447 -51.79
0.124 2.13038 -51.8
0.1245 2.15627 -51.8
0.125 2.18218 -51.86
0.1255 2.20813 -52.08
0.126 2.23426 -52.27
0.1265 2.2604 -52.33
0.127 2.28659 -52.51
0.1275 2.31291 -52.64
0.128 2.33923 -52.62
0.1285 2.36553 -52.51
0.129 2.39174 -52.58
0.1295 2.41811 -52.92
0.13 2.44466 -53.2
0.1305 2.47131 -53.25
0.131 2.49791 -53.28
0.1315 2.52459 -53.53
0.132 2.55144 -53.66
0.1325 2.57825 -53.68
0.133 2.60512 -53.81
0.1335 2.63206 -53.96
0.134 2.65908 -54.18
0.1345 2.68624 -54.28
0.135 2.71336 -54.32
0.1355 2.74056 -54.53
0.136 2.76789 -54.61
0.1365 2.79517 -54.58
0.137 2.82247 -54.77
0.1375 2.84994 -55
0.138 2.87747 -55.16
0.1385 2.9051 -55.33
0.139 2.9328 -55.42
0.1395 2.96052 -55.47
0.14 2.98827 -55.53
0.1405 3.01605 -55.68
0.141 3.04395 -55.87
0.1415 3.07192 -55.92
0.142 3.09987 -55.98
0.1425 3.1279 -56.24
0.143 3.15611 -56.51
0.1435 3.18441 -56.66
0.144 3.21277 -56.85
0.1445 3.24126 -57.03
0.145 3.2698 -57.1
0.1455 3.29836 -57.21
0.146 3.32701 -57.38
0.1465 3.35574 -57.52
0.147 3.38453 -57.64
0.1475 3.41338 -57.83
0.148 3.44236 -57.98
0.1485 3.47136 -58.01
0.149 3.50037 -58.18
0.1495 3.52954 -58.38
0.15 3.55875 -58.58
0.1505 3.58812 -58.8
0.151 3.61755 -58.87
0.1515 3.64699 -58.98
0.152 3.67653 -59.09
0.1525 3.70608 -59.24
0.153 3.73577 -59.62
0.1535 3.7657 -59.9
0.154 3.79567 -59.92
0.1545 3.82562 -59.9
0.155 3.85557 -59.9
0.1555 3.88552 -60.08
0.156 3.91565 -60.47
0.1565 3.94599 -60.75
0.157 3.9764 -60.9
0.1575 4.00689 -61.03
0.158 4.03743 -61.14
0.1585 4.06803 -61.36
0.159 4.09879 -61.43
0.1595 4.12946 -61.46
0.16 4.16025 -61.72
0.1605 4.19118 -61.94
0.161 4.22219 -62.08
0.1615 4.25326 -62.15
0.162 4.28434 -62.23
0.1625 4.31549 -62.51
0.163 4.34685 -62.77
0.1635 4.37826 -62.81
0.164 4.40966 -62.8
0.1645 4.44106 -62.88
0.165 4.47254 -63.01
0.1655 4.50407 -63.16
0.166 4.5357 -63.38
0.1665 4.56745 -63.54
0.167 4.59924 -63.71
0.1675 4.63116 -63.85
0.168 4.66309 -63.89
0.1685 4.69505 -64.03
0.169 4.72712 -64.22
0.1695 4.75927 -64.26
0.17 4.79138 -64.29
0.1705 4.82356 -64.44
0.171 4.85582 -64.54
0.1715 4.8881 -64.6
0.172 4.92042 -64.71
0.1725 4.95281 -64.96
0.173 4.98538 -65.12
0.1735 5.01793 -65.12
0.174 5.0505 -65.22
0.1745 5.08315 -65.3
0.175 5.1158 -65.44
0.1755 5.14859 -65.66
0.176 5.18146 -65.78
0.1765 5.21437 -65.86
0.177 5.24732 -65.98
0.1775 5.28035 -66.07
0.178 5.31339 -66.07
0.1785 5.34642 -66.06
0.179 5.37945 -66.18
0.1795 5.4126 -66.43
0.18 5.44588 -66.66
0.1805 5.47926 -66.88
0.181 5.51276 -67.02
0.1815 5.54628 -67
0.182 5.57976 -66.94
0.1825 5.61322 -67.07
0.183 5.64683 -67.28
0.1835 5.6805 -67.28
0.184 5.71411 -67.24
0.1845 5.74774 -67.34
0.185 5.78145 -67.53
0.1855 5.81527 -67.74
0.186 5.84919 -67.75
0.1865 5.88302 -67.69
0.187 5.91688 -67.85
0.1875 5.95087 -67.97
0.188 5.98485 -68.05
0.1885 6.01892 -68.14
0.189 6.05299 -68.21
0.1895 6.08713 -68.46
0.19 6.12145 -68.58
0.1905 6.15571 -68.46
0.191 6.18991 -68.44
0.1915 6.22415 -68.57
0.192 6.25848 -68.82
0.1925 6.29297 -68.98
0.193 6.32746 -68.98
0.1935 6.36195 -69.07
0.194 6.39653 -69.17
0.1945 6.43112 -69.17
0.195 6.4657 -69.2
0.1955 6.50032 -69.28
0.196 6.53498 -69.33
0.1965 6.56965 -69.32
0.197 6.6043 -69.34
0.1975 6.63899 -69.4
0.198 6.6737 -69.53
0.1985 6.70852 -69.75
0.199 6.74345 -69.86
0.1995 6.77838 -69.92
0.2 6.81337 -69.96
0.2005 6.84834 -70.02
0.201 6.88339 -70.17
0.2015 6.91851 -70.2
0.202 6.95359 -70.27
0.2025 6.98878 -70.41
0.203 7.024 -70.42
0.2035 7.0592 -70.45
0.204 7.09445 -70.53
0.2045 7.12973 -70.6
0.205 7.16505 -70.7
0.2055 7.20043 -70.67
0.206 7.23572 -70.5
0.2065 7.27093 -70.5
0.207 7.30622 -70.64
0.2075 7.34157 -70.76
0.208 7.37698 -70.88
0.2085 7.41245 -71.05
0.209 7.44803 -71.25
0.2095 7.4837 -71.34
0.21 7.51937 -71.34
0.2105 7.55504 -71.39
0.211 7.59076 -71.5
0.2115 7.62654 -71.59
0.212 7.66235 -71.67
0.2125 7.69821 -71.58
0.213 7.73393 -71.42
0.2135 7.76963 -71.54
0.214 7.80547 -71.78
0.2145 7.84141 -71.89
0.215 7.87736 -71.88
0.2155 7.91329 -71.88
0.216 7.94924 -71.88
0.2165 7.98517 -71.97
0.217 8.02121 -72.17
0.2175 8.05734 -72.25
0.218 8.09346 -72.2
0.2185 8.12954 -72.15
0.219 8.16561 -72.26
0.2195 8.2018 -72.41
0.22 8.23802 -72.31
0.2205 8.27411 -72.28
0.221 8.3103 -72.46
0.2215 8.34657 -72.55
0.222 8.38285 -72.56
0.2225 8.41913 -72.69
0.223 8.45554 -72.87
0.2235 8.492 -72.86
0.224 8.5284 -72.78
0.2245 8.56478 -72.85
0.225 8.60125 -73.07
0.2255 8.63785 -73.23
0.226 8.67448 -73.12
0.2265 8.71097 -72.91
0.227 8.74739 -73.05
0.2275 8.78402 -73.36
0.228 8.82075 -73.47
0.2285 8.85749 -73.42
0.229 8.89417 -73.34
0.2295 8.93083 -73.36
0.23 8.96753 -73.45
0.2305 9.00428 -73.52
0.231 9.04105 -73.56
0.2315 9.07784 -73.56
0.232 9.11461 -73.55
0.2325 9.15139 -73.62
0.233 9.18823 -73.83
0.2335 9.22522 -74
0.234 9.26223 -74.02
0.2345 9.29924 -74.06
0.235 9.33629 -74.15
0.2355 9.37339 -74.27
0.236 9.41056 -74.36
0.2365 9.44775 -74.31
0.237 9.48487 -74.27
0.2375 9.52202 -74.42
0.238 9.55929 -74.5
0.2385 9.59652 -74.45
0.239 9.63374 -74.38
0.2395 9.6709 -74.5
0.24 9.70824 -74.72
0.2405 9.74562 -74.67
0.241 9.78291 -74.62
0.2415 9.82024 -74.65
0.242 9.85756 -74.74
0.2425 9.89498 -74.96
0.243 9.93252 -75.09
0.2435 9.97007 -75.08
0.244 10.0076 -75.03
0.2445 10.0451 -75
0.245 10.0826 -75.1
0.2455 10.1202 -75.2
0.246 10.1578 -75.1
0.2465 10.1953 -75.1
0.247 10.2329 -75.1
0.2475 10.2704 -75
0.248 10.3079 -75.1
0.2485 10.3455 -75.3
0.249 10.3832 -75.3
0.2495 10.4208 -75.2
0.25 10.4584 -75.4
0.2505 10.4962 -75.6
0.251 10.534 -75.7
0.2515 10.5719 -75.5
0.252 10.6095 -75.3
0.2525 10.6472 -75.5
0.253 10.685 -75.7
0.2535 10.7229 -75.7
0.254 10.7607 -75.7
0.2545 10.7986 -75.8
0.255 10.8365 -75.9
0.2555 10.8745 -76.1
0.256 10.9126 -76.1
0.2565 10.9506 -76
0.257 10.9886 -76
0.2575 11.0266 -76.1
0.258 11.0647 -76.2
0.2585 11.1028 -76.2
0.259 11.1409 -76.2
0.2595 11.179 -76.2
0.26 11.2171 -76.4
0.2605 11.2554 -76.5
0.261 11.2936 -76.4
0.2615 11.3318 -76.6
0.262 11.3702 -76.8
0.2625 11.4086 -76.6
0.263 11.4468 -76.4
0.2635 11.485 -76.6
0.264 11.5234 -76.8
0.2645 11.5618 -76.9
0.265 11.6003 -77.1
0.2655 11.6389 -77
0.266 11.6773 -76.9
0.2665 11.7158 -77.1
0.267 11.7544 -77.1
0.2675 11.7929 -77.1
0.268 11.8315 -77.3
0.2685 11.8702 -77.3
0.269 11.9088 -77.3
0.2695 11.9475 -77.4
0.27 11.9862 -77.3
0.2705 12.0248 -77.3
0.271 12.0635 -77.5
0.2715 12.1023 -77.6
0.272 12.1411 -77.6
0.2725 12.1799 -77.6
0.273 12.2187 -77.6
0.2735 12.2575 -77.7
0.274 12.2964 -77.7
0.2745 12.3352 -77.7
0.275 12.3741 -77.7
0.2755 12.4129 -77.8
0.276 12.4519 -78
0.2765 12.4909 -78.1
0.277 12.53 -78.2
0.2775 12.5691 -78.1
0.278 12.6081 -78.1
0.2785 12.6472 -78.2
0.279 12.6863 -78.1
0.2795 12.7253 -78.1
0.28 12.7644 -78.3
0.2805 12.8036 -78.3
0.281 12.8427 -78.3
0.2815 12.8819 -78.6
0.282 12.9213 -78.6
0.2825 12.9605 -78.5
0.283 12.9998 -78.6
0.2835 13.0391 -78.6
0.284 13.0784 -78.7
0.2845 13.1178 -78.8
0.285 13.1572 -78.8
0.2855 13.1966 -78.9
0.286 13.2361 -79
0.2865 13.2756 -79
0.287 13.3151 -79
0.2875 13.3546 -79.1
0.288 13.3942 -79.3
0.2885 13.4339 -79.2
0.289 13.4734 -79.2
0.2895 13.5131 -79.3
0.29 13.5527 -79.3
0.2905 13.5924 -79.3
0.291 13.632 -79.3
0.2915 13.6717 -79.4
0.292 13.7114 -79.4
0.2925 13.7511 -79.4
0.293 13.7908 -79.4
0.2935 13.8305 -79.5
0.294 13.8703 -79.8
0.2945 13.9103 -79.9
0.295 13.9502 -79.8
0.2955 13.9901 -79.9
0.296 14.0301 -80
0.2965 14.0701 -79.9
0.297 14.11 -79.8
0.2975 14.1499 -79.9
0.298 14.1899 -80
0.2985 14.2299 -80.1
0.299 14.27 -80.3
0.2995 14.3102 -80.3
0.3 14.3503 -80.1
0.3005 14.3903 -80.2
0.301 14.4305 -80.4
0.3015 14.4707 -80.5
0.302 14.511 -80.6
0.3025 14.5513 -80.6
0.303 14.5916 -80.6
0.3035 14.6319 -80.6
0.304 14.6722 -80.6
0.3045 14.7125 -80.8
0.305 14.753 -80.8
0.3055 14.7933 -80.8
0.306 14.8338 -81.1
0.3065 14.8744 -81.1
0.307 14.9149 -81
0.3075 14.9554 -81.1
0.308 14.996 -81.1
0.3085 15.0365 -80.9
0.309 15.0769 -80.9
0.3095 15.1174 -81.2
0.31 15.1581 -81.5
0.3105 15.1989 -81.5
0.311 15.2396 -81.4
0.3115 15.2803 -81.6
0.312 15.3212 -81.6
0.3125 15.3619 -81.4
0.313 15.4026 -81.5
0.3135 15.4434 -81.7
0.314 15.4843 -81.7
0.3145 15.5251 -81.6
0.315 15.5659 -81.7
0.3155 15.6068 -81.9
0.316 15.6478 -81.9
0.3165 15.6887 -81.8
0.317 15.7296 -81.8
0.3175 15.7705 -81.9
0.318 15.8115 -81.9
0.3185 15.8524 -81.9
0.319 15.8934 -81.9
0.3195 15.9343 -81.9
0.32 15.9753 -82.1
0.3205 16.0164 -82.1
0.321 16.0574 -82
0.3215 16.0984 -82
0.322 16.1394 -82.1
0.3225 16.1805 -82.1
0.323 16.2215 -82.2
0.3235 16.2627 -82.6
0.324 16.3041 -82.7
0.3245 16.3454 -82.5
0.325 16.3866 -82.3
0.3255 16.4277 -82.3
0.326 16.4689 -82.4
0.3265 16.5101 -82.5
0.327 16.5514 -82.6
0.3275 16.5927 -82.7
0.328 16.6341 -82.7
0.3285 16.6754 -82.7
0.329 16.7168 -82.8
0.3295 16.7582 -82.7
0.33 16.7995 -82.7
0.3305 16.8409 -82.7
0.331 16.8822 -82.7
0.3315 16.9236 -82.8
0.332 16.965 -82.8
0.3325 17.0064 -82.8
0.333 17.0478 -82.8
0.3335 17.0892 -82.9
0.334 17.1307 -83
0.3345 17.1722 -83
0.335 17.2137 -83
0.3355 17.2552 -83
0.336 17.2967 -83.1
0.3365 17.3383 -83.1
0.337 17.3798 -83.1
0.3375 17.4214 -83.1
0.338 17.4629 -83
0.3385 17.5044 -83
0.339 17.5459 -83.1
0.3395 17.5875 -83.1
0.34 17.629 -83
0.3405 17.6705 -83
0.341 17.712 -83.2
0.3415 17.7537 -83.3
0.342 17.7953 -83.1
0.3425 17.8368 -83
0.343 17.8783 -83.1
0.3435 17.9199 -83.2
0.344 17.9615 -83.2
0.3445 18.0031 -83.2
0.345 18.0447 -83.3
0.3455 18.0864 -83.3
0.346 18.128 -83.3
0.3465 18.1697 -83.3
0.347 18.2113 -83.3
0.3475 18.253 -83.5
0.348 18.2948 -83.5
0.3485 18.3365 -83.4
0.349 18.3782 -83.3
0.3495 18.4198 -83.1
0.35 18.4613 -83.3
0.3505 18.5031 -83.5
0.351 18.5448 -83.5
0.3515 18.5866 -83.5
0.352 18.6283 -83.5
0.3525 18.6701 -83.5
0.353 18.7118 -83.4
0.3535 18.7535 -83.3
0.354 18.7951 -83.3
0.3545 18.8368 -83.5
0.355 18.8786 -83.6
0.3555 18.9204 -83.4
0.356 18.962 -83.4
0.3565 19.0038 -83.8
0.357 19.0458 -83.9
0.3575 19.0877 -83.7
0.358 19.1295 -83.5
0.3585 19.1712 -83.5
0.359 19.213 -83.7
0.3595 19.2549 -83.9
0.36 19.2969 -83.8
0.3605 19.3387 -83.7
0.361 19.3806 -83.8
0.3615 19.4225 -83.7
0.362 19.4643 -83.6
0.3625 19.5061 -83.6
0.363 19.5479 -83.6
0.3635 19.5897 -83.5
0.364 19.6314 -83.6
0.3645 19.6733 -83.8
0.365 19.7152 -83.9
0.3655 19.7572 -83.8
0.366 19.799 -83.7
0.3665 19.8409 -83.8
0.367 19.8828 -83.9
0.3675 19.9248 -83.9
0.368 19.9667 -83.8
0.3685 20.0086 -83.8
0.369 20.0505 -83.8
0.3695 20.0924 -83.8
0.37 20.1343 -83.8
0.3705 20.1762 -83.9
0.371 20.2182 -84.1
0.3715 20.2603 -84
0.372 20.3022 -84
0.3725 20.3443 -84.1
0.373 20.3863 -84
0.3735 20.4283 -84.1
0.374 20.4704 -84
0.3745 20.5123 -84
0.375 20.5544 -84.1
0.3755 20.5964 -84.1
0.376 20.6385 -84.2
0.3765 20.6806 -84.4
0.377 20.7229 -84.6
0.3775 20.7652 -84.6
0.378 20.8075 -84.4
0.3785 20.8496 -84.5
0.379 20.892 -84.6
0.3795 20.9342 -84.4
0.38 20.9764 -84.6
0.3805 21.0188 -84.7
0.381 21.0611 -84.5
0.3815 21.1033 -84.6
0.382 21.1457 -84.7
0.3825 21.188 -84.7
0.383 21.2304 -84.8
0.3835 21.2728 -84.7
0.384 21.3151 -84.7
0.3845 21.3575 -84.9
0.385 21.4 -85
0.3855 21.4425 -85.1
0.386 21.4851 -85.2
0.3865 21.5277 -85.1
0.387 21.5702 -85.1
0.3875 21.6128 -85.1
0.388 21.6553 -85
0.3885 21.6978 -84.9
0.389 21.7402 -85.1
0.3895 21.7829 -85.5
0.39 21.8257 -85.4
0.3905 21.8683 -85.3
0.391 21.911 -85.4
0.3915 21.9537 -85.4
0.392 21.9964 -85.3
0.3925 22.039 -85.3
0.393 22.0817 -85.5
0.3935 22.1245 -85.5
0.394 22.1672 -85.5
0.3945 22.21 -85.6
0.395 22.2528 -85.7
0.3955 22.2957 -85.8
0.396 22.3386 -85.7
0.3965 22.3814 -85.8
0.397 22.4244 -85.9
0.3975 22.4673 -85.8
0.398 22.5102 -85.8
0.3985 22.5531 -85.9
0.399 22.5961 -86.2
0.3995 22.6393 -86.3
0.4 22.6824 -86.2
0.4005 22.7255 -86.1
0.401 22.7685 -86.1
0.4015 22.8116 -86.2
0.402 22.8547 -86.2
0.4025 22.8978 -86.3
0.403 22.941 -86.4
0.4035 22.9842 -86.4
0.404 23.0274 -86.5
0.4045 23.0707 -86.6
0.405 23.114 -86.6
0.4055 23.1573 -86.6
0.406 23.2006 -86.4
0.4065 23.2437 -86.4
0.407 23.287 -86.7
0.4075 23.3304 -86.8
0.408 23.3738 -86.7
0.4085 23.4171 -86.7
0.409 23.4605 -87
0.4095 23.5041 -87
0.41 23.5475 -86.9
0.4105 23.591 -87
0.411 23.6345 -87
0.4115 23.678 -87.1
0.412 23.7216 -87.2
0.4125 23.7652 -87.3
0.413 23.8089 -87.4
0.4135 23.8526 -87.4
0.414 23.8963 -87.4
0.4145 23.94 -87.2
0.415 23.9835 -87.2
0.4155 24.0272 -87.4
0.416 24.0709 -87.5
0.4165 24.1147 -87.6
0.417 24.1585 -87.5
0.4175 24.2022 -87.4
0.418 24.2459 -87.6
0.4185 24.2898 -87.7
0.419 24.3336 -87.5
0.4195 24.3773 -87.5
0.42 24.4211 -87.5
0.4205 24.4648 -87.6
0.421 24.5087 -87.7
0.4215 24.5525 -87.8
0.422 24.5965 -87.8
0.4225 24.6403 -87.6
0.423 24.6841 -87.6
0.4235 24.7279 -87.7
0.424 24.7718 -87.7
0.4245 24.8156 -87.8
0.425 24.8596 -87.9
0.4255 24.9035 -88
0.426 24.9476 -87.9
0.4265 24.9914 -87.8
0.427 25.0354 -88
0.4275 25.0794 -88.2
0.428 25.1236 -88.1
0.4285 25.1675 -88
0.429 25.2116 -88.1
0.4295 25.2556 -88.2
0.43 25.2998 -88.3
0.4305 25.3439 -88.3
0.431 25.3881 -88.3
0.4315 25.4322 -88.2
0.432 25.4763 -88.2
0.4325 25.5204 -88.2
0.433 25.5645 -88.3
0.4335 25.6087 -88.4
0.434 25.6529 -88.6
0.4345 25.6973 -88.5
0.435 25.7414 -88.3
0.4355 25.7856 -88.3
0.436 25.8297 -88.4
0.4365 25.874 -88.4
0.437 25.9181 -88.3
0.4375 25.9623 -88.4
0.438 26.0065 -88.4
0.4385 26.0507 -88.5
0.439 26.095 -88.4
0.4395 26.1391 -88.3
0.44 26.1833 -88.4
0.4405 26.2275 -88.4
0.441 26.2717 -88.6
0.4415 26.3161 -88.5
0.442 26.3602 -88.5
0.4425 26.4046 -88.6
0.443 26.4488 -88.6
0.4435 26.4932 -88.5
0.444 26.5373 -88.5
0.4445 26.5817 -88.7
0.445 26.626 -88.6
0.4455 26.6703 -88.5
0.446 26.7145 -88.5
0.4465 26.7588 -88.4
0.447 26.8029 -88.4
0.4475 26.8472 -88.4
0.448 26.8913 -88.5
0.4485 26.9357 -88.6
0.449 26.9799 -88.5
0.4495 27.0242 -88.5
0.45 27.0684 -88.6
0.4505 27.1128 -88.7
0.451 27.1571 -88.7
0.4515 27.2015 -88.7
0.452 27.2458 -88.6
0.4525 27.2901 -88.5
0.453 27.3343 -88.4
0.4535 27.3785 -88.5
0.454 27.4228 -88.6
0.4545 27.4671 -88.5
0.455 27.5113 -88.6
0.4555 27.5557 -88.7
0.456 27.6 -88.7
0.4565 27.6444 -88.7
0.457 27.6887 -88.5
0.4575 27.7329 -88.3
0.458 27.777 -88.5
0.4585 27.8214 -88.6
0.459 27.8656 -88.7
0.4595 27.9101 -88.8
0.46 27.9544 -88.5
0.4605 27.9986 -88.5
0.461 28.0429 -88.5
0.4615 28.0871 -88.6
0.462 28.1315 -88.7
0.4625 28.1758 -88.6
0.463 28.2201 -88.7
0.4635 28.2645 -88.8
0.464 28.3089 -88.8
0.4645 28.3533 -88.6
0.465 28.3975 -88.5
0.4655 28.4418 -88.7
0.466 28.4862 -88.6
0.4665 28.5304 -88.6
0.467 28.5748 -88.7
0.4675 28.6191 -88.7
0.468 28.6635 -88.6
0.4685 28.7077 -88.5
0.469 28.752 -88.5
0.4695 28.7962 -88.6
0.47 28.8406 -88.8
0.4705 28.885 -88.7
0.471 28.9293 -88.6
0.4715 28.9736 -88.5
0.472 29.0178 -88.5
0.4725 29.0621 -88.6
0.473 29.1064 -88.6
0.4735 29.1507 -88.6
0.474 29.195 -88.7
0.4745 29.2394 -88.6
0.475 29.2836 -88.3
0.4755 29.3277 -88.4
0.476 29.372 -88.7
0.4765 29.4164 -88.8
0.477 29.4608 -88.9
0.4775 29.5053 -88.8
0.478 29.5496 -88.7
0.4785 29.594 -88.9
0.479 29.6385 -88.9
0.4795 29.6829 -88.8
0.48 29.7273 -88.7
0.4805 29.7716 -88.6
0.481 29.8159 -88.7
0.4815 29.8603 -88.6
0.482 29.9045 -88.7
0.4825 29.949 -88.9
0.483 29.9934 -88.8
0.4835 30.0378 -88.8
0.484 30.0822 -88.8
0.4845 30.1266 -88.8
0.485 30.171 -88.8
0.4855 30.2154 -88.9
0.486 30.2599 -88.8
0.4865 30.3042 -88.7
0.487 30.3486 -88.8
0.4875 30.393 -88.8
0.488 30.4374 -88.9
0.4885 30.4819 -89
0.489 30.5264 -88.9
0.4895 30.5708 -88.7
0.49 30.6151 -88.8
0.4905 30.6596 -88.9
0.491 30.704 -88.9
0.4915 30.7485 -89
0.492 30.793 -89.1
0.4925 30.8376 -89
0.493 30.882 -88.8
0.4935 30.9264 -88.9
0.494 30.9709 -88.9
0.4945 31.0153 -88.9
0.495 31.0598 -88.9
0.4955 31.1042 -88.8
0.496 31.1486 -88.8
0.4965 31.193 -88.6
0.497 31.2372 -88.7
0.4975 31.2817 -89
0.498 31.3262 -88.9
0.4985 31.3706 -88.8
0.499 31.415 -88.9
0.4995 31.4595 -88.9
0.5 31.5039 -88.9
0.5005 31.5484 -89.1
0.501 31.593 -89.1
0.5015 31.6375 -88.9
0.502 31.6819 -88.8
0.5025 31.7263 -88.9
0.503 31.7708 -88.9
0.5035 31.8152 -89
0.504 31.8598 -89.1
0.5045 31.9043 -89.1
0.505 31.9489 -89.2
0.5055 31.9935 -89
0.506 32.0379 -88.8
0.5065 32.0823 -88.8
0.507 32.1267 -89
0.5075 32.1713 -89
0.508 32.2157 -88.7
0.5085 32.26 -88.8
0.509 32.3045 -89.1
0.5095 32.3491 -89.2
0.51 32.3937 -89.3
0.5105 32.4384 -89.3
0.511 32.483 -89.1
0.5115 32.5275 -89
0.512 32.572 -89
0.5125 32.6165 -89
0.513 32.661 -89
0.5135 32.7055 -89.1
0.514 32.7501 -89.1
0.5145 32.7946 -89.1
0.515 32.8392 -89.1
0.5155 32.8837 -89
0.516 32.9282 -89.1
0.5165 32.9728 -89.2
0.517 33.0174 -89.1
0.5175 33.0619 -89.2
0.518 33.1066 -89.2
0.5185 33.1511 -89
0.519 33.1956 -89.1
0.5195 33.2402 -89.2
0.52 33.2848 -89.2
0.5205 33.3294 -89.1
0.521 33.3739 -89.1
0.5215 33.4185 -89.2
0.522 33.4631 -89.2
0.5225 33.5077 -89
0.523 33.5521 -89.1
0.5235 33.5968 -89.3
0.524 33.6414 -89.2
0.5245 33.686 -89.3
0.525 33.7307 -89.4
0.5255 33.7754 -89.4
0.526 33.8201 -89.4
0.5265 33.8648 -89.5
0.527 33.9096 -89.4
0.5275 33.9542 -89.1
0.528 33.9987 -89.2
0.5285 34.0434 -89.4
0.529 34.0881 -89.3
0.5295 34.1327 -89.2
0.53 34.1773 -89.3
0.5305 34.222 -89.4
0.531 34.2667 -89.4
0.5315 34.3114 -89.4
0.532 34.3561 -89.4
0.5325 34.4008 -89.4
0.533 34.4455 -89.4
0.5335 34.4902 -89.4
0.534 34.5349 -89.5
0.5345 34.5797 -89.6
0.535 34.6245 -89.4
0.5355 34.6691 -89.3
0.536 34.7138 -89.3
0.5365 34.7584 -89.2
0.537 34.803 -89.2
0.5375 34.8476 -89.3
0.538 34.8923 -89.5
0.5385 34.9371 -89.6
0.539 34.9819 -89.6
0.5395 35.0267 -89.5
0.54 35.0714 -89.5
0.5405 35.1162 -89.6
0.541 35.161 -89.6
0.5415 35.2058 -89.6
0.542 35.2506 -89.5
0.5425 35.2953 -89.5
0.543 35.3401 -89.7
0.5435 35.385 -89.7
0.544 35.4298 -89.6
0.5445 35.4746 -89.6
0.545 35.5194 -89.7
0.5455 35.5643 -89.6
0.546 35.609 -89.5
0.5465 35.6538 -89.8
0.547 35.6988 -90
0.5475 35.7438 -89.9
0.548 35.7887 -89.7
0.5485 35.8335 -89.6
0.549 35.8783 -89.7
0.5495 35.9232 -89.8
0.55 35.9681 -89.8
0.5505 36.013 -89.8
0.551 36.0579 -89.9
0.5515 36.1029 -89.9
0.552 36.1478 -89.8
0.5525 36.1927 -89.7
0.553 36.2375 -89.7
0.5535 36.2824 -89.7
0.554 36.3272 -89.7
0.5545 36.3721 -89.8
0.555 36.417 -89.8
0.5555 36.4619 -89.8
0.556 36.5068 -89.7
0.5565 36.5516 -89.7
0.557 36.5965 -89.8
0.5575 36.6414 -89.8
0.558 36.6863 -89.9
0.5585 36.7313 -89.9
0.559 36.7762 -89.8
0.5595 36.8211 -89.7
0.56 36.8659 -89.7
0.5605 36.9108 -89.8
0.561 36.9557 -89.9
0.5615 37.0007 -89.9
0.562 37.0456 -89.9
0.5625 37.0906 -90
0.563 37.1356 -90
0.5635 37.1806 -90.1
0.564 37.2257 -90.1
0.5645 37.2707 -89.9
0.565 37.3156 -89.9
0.5655 37.3606 -90
0.566 37.4056 -90
0.5665 37.4506 -90.1
0.567 37.4957 -90
0.5675 37.5406 -89.9
0.568 37.5856 -90
0.5685 37.6306 -89.9
0.569 37.6755 -90
0.5695 37.7206 -90.1
0.57 37.7656 -90
0.5705 37.8106 -90
0.571 37.8556 -90.1
0.5715 37.9007 -90.2
0.572 37.9458 -90.2
0.5725 37.9909 -90.2
0.573 38.036 -90
0.5735 38.0809 -89.9
0.574 38.1259 -90
0.5745 38.1709 -89.9
0.575 38.2158 -89.9
0.5755 38.2608 -89.9
0.576 38.3057 -90
0.5765 38.3508 -90.1
0.577 38.3958 -90
0.5775 38.4408 -90.1
0.578 38.4859 -90.1
0.5785 38.5309 -90
0.579 38.5759 -90
0.5795 38.6209 -90.1
0.58 38.666 -90.1
0.5805 38.711 -90
0.581 38.756 -89.9
0.5815 38.8009 -90
0.582 38.846 -90.2
0.5825 38.8911 -89.9
0.583 38.9359 -90.1
0.5835 38.9812 -90.3
0.584 39.0262 -90
0.5845 39.0712 -90.1
0.585 39.1163 -90.2
0.5855 39.1614 -90.2
0.586 39.2065 -90
0.5865 39.2514 -89.8
0.587 39.2963 -90.2
0.5875 39.3416 -90.6
0.588 39.3869 -90.5
0.5885 39.4321 -90.3
0.589 39.4772 -90.2
0.5895 39.5223 -90.1
0.59 39.5673 -90
0.5905 39.6123 -90
0.591 39.6573 -90.1
0.5915 39.7024 -90.2
0.592 39.7475 -90.1
0.5925 39.7925 -90.1
0.593 39.8376 -90.1
0.5935 39.8826 -90.1
0.594 39.9277 -90.3
0.5945 39.9729 -90.4
0.595 40.0181 -90.4
0.5955 40.0633 -90.3
0.596 40.1084 -90.3
0.5965 40.1536 -90.2
0.597 40.1986 -90
0.5975 40.2436 -90.1
0.598 40.2887 -90.1
0.5985 40.3337 -90
0.599 40.3787 -90
0.5995 40.4237 -90
0.6 40.4687 -90.1
0.6005 40.5138 -90.2
0.601 40.5589 -90.3
0.6015 40.6041 -90.2
0.602 40.6491 -90.1
0.6025 40.6942 -90.1
0.603 40.7392 -89.9
0.6035 40.7841 -90.1
0.604 40.8293 -90.2
0.6045 40.8743 -89.9
0.605 40.9192 -89.9
0.6055 40.9642 -90
0.606 41.0092 -90
0.6065 41.0542 -90.1
0.607 41.0993 -90.2
0.6075 41.1444 -90.2
0.608 41.1895 -90.3
0.6085 41.2347 -90.2
0.609 41.2797 -90.1
0.6095 41.3248 -90.2
0.61 41.3699 -90
0.6105 41.4148 -89.9
0.611 41.4598 -90.1
0.6115 41.5049 -90.2
0.612 41.55 -90
0.6125 41.5949 -89.9
0.613 41.6399 -90
0.6135 41.6849 -90
0.614 41.7299 -90.1
0.6145 41.775 -90.1
0.615 41.82 -90.2
0.6155 41.8652 -90.3
0.616 41.9103 -90.3
0.6165 41.9555 -90.3
0.617 42.0006 -90.2
0.6175 42.0457 -90.2
0.618 42.0908 -90.1
0.6185 42.1358 -90
0.619 42.1808 -90.2
0.6195 42.226 -90.4
0.62 42.2712 -90.3
0.6205 42.3163 -90.1
0.621 42.3613 -90.2
0.6215 42.4065 -90.5
0.622 42.4518 -90.4
0.6225 42.4969 -90.2
0.623 42.542 -90.1
0.6235 42.587 -90.2
0.624 42.6322 -90.3
0.6245 42.6773 -90.1
0.625 42.7223 -90
0.6255 42.7673 -90.3
0.626 42.8126 -90.3
0.6265 42.8576 -90.1
0.627 42.9027 -90.2
0.6275 42.9478 -90.3
0.628 42.993 -90.2
0.6285 43.038 -90.1
0.629 43.0831 -90.4
0.6295 43.1284 -90.4
0.63 43.1735 -90.2
0.6305 43.2186 -90.2
0.631 43.2637 -90.1
0.6315 43.3087 -90
0.632 43.3537 -90.2
0.6325 43.3989 -90.3
0.633 43.444 -90.3
0.6335 43.4892 -90.3
0.634 43.5343 -90.2
0.6345 43.5794 -90.4
0.635 43.6247 -90.5
0.6355 43.6699 -90.4
0.636 43.7151 -90.5
0.6365 43.7604 -90.3
0.637 43.8054 -90.2
0.6375 43.8506 -90.4
0.638 43.8958 -90.5
0.6385 43.9411 -90.5
0.639 43.9863 -90.4
0.6395 44.0315 -90.3
0.64 44.0766 -90.4
0.6405 44.1219 -90.6
0.641 44.1672 -90.7
0.6415 44.2126 -90.6
0.642 44.2578 -90.5
0.6425 44.3031 -90.6
0.643 44.3484 -90.5
0.6435 44.3936 -90.4
0.644 44.4388 -90.4
0.6445 44.484 -90.4
0.645 44.5292 -90.4
0.6455 44.5744 -90.4
0.646 44.6196 -90.6
0.6465 44.665 -90.8
0.647 44.7104 -90.6
0.6475 44.7556 -90.4
0.648 44.8008 -90.6
0.6485 44.8462 -90.7
0.649 44.8915 -90.6
0.6495 44.9368 -90.5
0.65 44.982 -90.5
0.6505 45.0273 -90.7
0.651 45.0727 -90.8
0.6515 45.1181 -90.6
0.652 45.1633 -90.5
0.6525 45.2086 -90.7
0.653 45.254 -90.8
0.6535 45.2994 -90.7
0.654 45.3447 -90.7
0.6545 45.3901 -90.8
0.655 45.4355 -90.7
0.6555 45.4808 -90.7
0.656 45.5262 -90.7
0.6565 45.5715 -90.7
0.657 45.6169 -90.7
0.6575 45.6622 -90.9
0.658 45.7078 -90.9
0.6585 45.7531 -90.8
0.659 45.7986 -90.9
0.6595 45.844 -90.9
0.66 45.8895 -90.9
0.6605 45.9349 -90.9
0.661 45.9804 -91
0.6615 46.0259 -91
0.662 46.0714 -91.1
0.6625 46.117 -91.1
0.663 46.1625 -91.1
0.6635 46.2081 -91.2
0.664 46.2537 -91
0.6645 46.2991 -90.9
0.665 46.3446 -90.9
0.6655 46.39 -91
0.666 46.4356 -91.1
0.6665 46.4811 -90.9
0.667 46.5265 -90.9
0.6675 46.572 -90.7
0.668 46.6172 -90.6
0.6685 46.6626 -90.9
0.669 46.7081 -91
0.6695 46.7536 -91
0.67 46.7991 -90.9
0.6705 46.8445 -91
0.671 46.8901 -91.1
0.6715 46.9356 -91.2
0.672 46.9813 -91.2
0.6725 47.0268 -91
0.673 47.0723 -91
0.6735 47.1178 -90.9
0.674 47.1632 -90.9
0.6745 47.2087 -91
0.675 47.2542 -91.1
0.6755 47.2998 -91.2
0.676 47.3454 -91.1
0.6765 47.3909 -91.1
0.677 47.4365 -91.2
0.6775 47.4821 -91.1
0.678 47.5276 -91
0.6785 47.5731 -91
0.679 47.6186 -91.1
0.6795 47.6642 -91.2
0.68 47.7098 -91.2
0.6805 47.7554 -91.1
0.681 47.8009 -91.1
0.6815 47.8465 -91.1
0.682 47.892 -91
0.6825 47.9375 -91.1
0.683 47.9831 -91.1
0.6835 48.0286 -91.2
0.684 48.0743 -91.3
0.6845 48.1199 -91.4
0.685 48.1657 -91.4
0.6855 48.2113 -91.2
0.686 48.2569 -91.3
0.6865 48.3026 -91.3
0.687 48.3482 -91.2
0.6875 48.3938 -91.1
0.688 48.4393 -91.2
0.6885 48.485 -91.3
0.689 48.5306 -91.2
0.6895 48.5762 -91.3
0.69 48.6219 -91.2
0.6905 48.6674 -91.1
0.691 48.713 -91.3
0.6915 48.7587 -91.3
0.692 48.8043 -91.2
0.6925 48.8499 -91.2
0.693 48.8955 -91.3
0.6935 48.9412 -91.4
0.694 48.9869 -91.2
0.6945 49.0324 -91.2
0.695 49.0781 -91.3
0.6955 49.1237 -91.2
0.696 49.1693 -91.3
0.6965 49.215 -91.4
0.697 49.2607 -91.1
0.6975 49.3061 -90.9
0.698 49.3516 -91.3
0.6985 49.3974 -91.3
0.699 49.4429 -91.2
0.6995 49.4886 -91.4
0.7 49.5343 -91.3
0.7005 49.5799 -91.1
0.701 49.6254 -91.1
0.7015 49.671 -91.2
0.702 49.7166 -91.2
0.7025 49.7622 -91.2
0.703 49.8078 -91.3
0.7035 49.8535 -91.3
0.704 49.8991 -91.2
0.7045 49.9447 -91.2
0.705 49.9903 -91.4
0.7055 50.0361 -91.5
0.706 50.0818 -91.3
0.7065 50.1274 -91.4
0.707 50.1732 -91.4
0.7075 50.2188 -91.3
0.708 50.2645 -91.3
0.7085 50.3101 -91.2
0.709 50.3557 -91.3
0.7095 50.4014 -91.3
0.71 50.447 -91.3
0.7105 50.4927 -91.2
0.711 50.5382 -91.1
0.7115 50.5838 -91
0.712 50.6292 -91
0.7125 50.6748 -91.3
0.713 50.7205 -91.3
0.7135 50.7661 -91.1
0.714 50.8116 -91.2
0.7145 50.8573 -91.2
0.715 50.9028 -91.2
0.7155 50.9485 -91.1
0.716 50.9939 -90.9
0.7165 51.0394 -91
0.717 51.0849 -91.3
0.7175 51.1307 -91.4
0.718 51.1763 -91.1
0.7185 51.2218 -91.1
0.719 51.2674 -91.2
0.7195 51.313 -91
0.72 51.3584 -90.9
0.7205 51.4039 -91.1
0.721 51.4495 -91.1
0.7215 51.495 -91
0.722 51.5405 -91.1
0.7225 51.5861 -91.2
0.723 51.6317 -91.2
0.7235 51.6773 -91.1
0.724 51.7228 -91
0.7245 51.7683 -91.1
0.725 51.8139 -91.1
0.7255 51.8594 -91.1
0.726 51.905 -91
0.7265 51.9504 -90.8
0.727 51.9958 -91
0.7275 52.0414 -91.1
0.728 52.0869 -90.8
0.7285 52.1322 -90.8
0.729 52.1777 -90.9
0.7295 52.2231 -90.9
0.73 52.2686 -91
0.7305 52.3141 -90.9
0.731 52.3595 -90.8
0.7315 52.4049 -91
0.732 52.4505 -91
0.7325 52.4959 -90.7
0.733 52.5412 -90.6
0.7335 52.5865 -90.7
0.734 52.6319 -90.8
0.7345 52.6773 -90.9
0.735 52.7228 -90.8
0.7355 52.7681 -90.8
0.736 52.8136 -90.9
0.7365 52.859 -90.6
0.737 52.9042 -90.6
0.7375 52.9496 -90.8
0.738 52.995 -90.6
0.7385 53.0402 -90.5
0.739 53.0855 -90.6
0.7395 53.1308 -90.6
0.74 53.1761 -90.7
0.7405 53.2215 -90.7
0.741 53.2668 -90.7
0.7415 53.3122 -90.6
0.742 53.3574 -90.3
0.7425 53.4025 -90.3
0.743 53.4477 -90.4
0.7435 53.4929 -90.4
0.744 53.5381 -90.4
0.7445 53.5833 -90.4
0.745 53.6285 -90.4
0.7455 53.6737 -90.5
0.746 53.719 -90.5
0.7465 53.7642 -90.3
0.747 53.8093 -90.1
0.7475 53.8543 -90.1
0.748 53.8994 -90.2
0.7485 53.9445 -90.2
0.749 53.9896 -90.2
0.7495 54.0347 -90.1
0.75 54.0797 -90.2
0.7505 54.1249 -90.2
0.751 54.1699 -89.9
0.7515 54.2148 -90.1
0.752 54.26 -90.2
0.7525 54.305 -89.9
0.753 54.3499 -89.9
0.7535 54.3949 -89.9
0.754 54.4398 -89.8
0.7545 54.4847 -89.8
0.755 54.5296 -89.8
0.7555 54.5745 -89.8
0.756 54.6194 -89.8
0.7565 54.6643 -89.9
0.757 54.7093 -89.9
0.7575 54.7542 -89.7
0.758 54.799 -89.7
0.7585 54.8439 -89.7
0.759 54.8887 -89.6
0.7595 54.9335 -89.5
0.76 54.9782 -89.5
0.7605 55.023 -89.5
0.761 55.0677 -89.6
0.7615 55.1126 -89.7
0.762 55.1574 -89.6
0.7625 55.2022 -89.7
0.763 55.2471 -89.8
0.7635 55.292 -89.4
0.764 55.3365 -89.3
0.7645 55.3813 -89.5
0.765 55.426 -89.5
0.7655 55.4708 -89.6
0.766 55.5156 -89.4
0.7665 55.5602 -89.4
0.767 55.605 -89.6
0.7675 55.6498 -89.6
0.768 55.6946 -89.4
0.7685 55.7392 -89.3
0.769 55.7839 -89.5
0.7695 55.8287 -89.6
0.77 55.8735 -89.5
0.7705 55.9182 -89.6
0.771 55.9631 -89.5
0.7715 56.0077 -89.3
0.772 56.0524 -89.3
0.7725 56.097 -89.3
0.773 56.1417 -89.3
0.7735 56.1863 -89.3
0.774 56.231 -89.3
0.7745 56.2756 -89.1
0.775 56.3201 -89.2
0.7755 56.3648 -89.1
0.776 56.4092 -89.2
0.7765 56.454 -89.5
0.777 56.4987 -89.3
0.7775 56.5433 -89.4
0.778 56.5881 -89.5
0.7785 56.6328 -89.4
0.779 56.6775 -89.4
0.7795 56.7222 -89.2
0.78 56.7667 -89
0.7805 56.8112 -89.2
0.781 56.8559 -89.3
0.7815 56.9005 -89.3
0.782 56.9452 -89.2
0.7825 56.9897 -89.2
0.783 57.0344 -89.3
0.7835 57.079 -89.2
0.784 57.1236 -89.2
0.7845 57.1682 -89.3
0.785 57.2129 -89.4
0.7855 57.2576 -89.2
0.786 57.3021 -89.2
0.7865 57.3468 -89.3
0.787 57.3914 -89.3
0.7875 57.4361 -89.4
0.788 57.4808 -89.4
0.7885 57.5255 -89.2
0.789 57.57 -89.1
0.7895 57.6146 -89.1
0.79 57.6591 -89.1
0.7905 57.7037 -89.2
0.791 57.7483 -89.2
0.7915 57.7929 -89.3
0.792 57.8376 -89.3
0.7925 57.8822 -89.3
0.793 57.9269 -89.3
0.7935 57.9715 -89.1
0.794 58.016 -89
0.7945 58.0605 -89.3
0.795 58.1053 -89.5
0.7955 58.15 -89.4
0.796 58.1947 -89.3
0.7965 58.2393 -89.2
0.797 58.2839 -89.1
0.7975 58.3284 -89.1
0.798 58.373 -89.2
0.7985 58.4176 -89.3
0.799 58.4623 -89.4
0.7995 58.507 -89.3
0.8 58.5516 -89.2
0.8005 58.5962 -89.2
0.801 58.6408 -89.4
0.8015 58.6856 -89.4
0.802 58.7302 -89.3
0.8025 58.7749 -89.4
0.803 58.8196 -89.4
0.8035 58.8643 -89.2
0.804 58.9088 -89.4
0.8045 58.9537 -89.6
0.805 58.9984 -89.4
0.8055 59.0431 -89.5
0.806 59.0879 -89.6
0.8065 59.1327 -89.5
0.807 59.1774 -89.4
0.8075 59.2221 -89.3
0.808 59.2667 -89.3
0.8085 59.3114 -89.3
0.809 59.356 -89.1
0.8095 59.4005 -89.2
0.81 59.4452 -89.4
0.8105 59.4899 -89.6
0.811 59.5348 -89.5
0.8115 59.5794 -89.4
0.812 59.6242 -89.6
0.8125 59.669 -89.6
0.813 59.7138 -89.5
0.8135 59.7585 -89.4
0.814 59.8032 -89.4
0.8145 59.8479 -89.4
0.815 59.8926 -89.5
0.8155 59.9374 -89.6
0.816 59.9822 -89.5
0.8165 60.0269 -89.5
0.817 60.0717 -89.5
0.8175 60.1164 -89.5
0.818 60.1612 -89.7
0.8185 60.2061 -89.7
0.819 60.2509 -89.7
0.8195 60.2958 -89.7
0.82 60.3406 -89.7
0.8205 60.3855 -89.7
0.821 60.4303 -89.7
0.8215 60.4752 -89.8
0.822 60.5201 -89.7
0.8225 60.5649 -89.8
0.823 60.6099 -89.9
0.8235 60.6548 -89.8
0.824 60.6997 -89.7
0.8245 60.7445 -89.7
0.825 60.7894 -89.8
0.8255 60.8343 -89.8
0.826 60.8792 -89.7
0.8265 60.924 -89.6
0.827 60.9688 -89.5
0.8275 61.0135 -89.6
0.828 61.0584 -89.7
0.8285 61.1032 -89.6
0.829 61.148 -89.8
0.8295 61.193 -89.8
0.83 61.2378 -89.6
0.8305 61.2826 -89.6
0.831 61.3274 -89.8
0.8315 61.3724 -89.9
0.832 61.4173 -89.8
0.8325 61.4622 -89.9
0.833 61.5072 -89.9
0.8335 61.5521 -89.8
0.834 61.597 -89.8
0.8345 61.6419 -89.8
0.835 61.6868 -89.8
0.8355 61.7317 -89.8
0.836 61.7766 -89.8
0.8365 61.8215 -89.7
0.837 61.8663 -89.7
0.8375 61.9112 -89.9
0.838 61.9562 -90.1
0.8385 62.0013 -90.1
0.839 62.0463 -89.9
0.8395 62.0912 -89.9
0.84 62.1362 -90
0.8405 62.1812 -89.9
0.841 62.2261 -89.8
0.8415 62.271 -89.8
0.842 62.3159 -89.8
0.8425 62.3608 -89.8
0.843 62.4057 -89.8
0.8435 62.4506 -89.8
0.844 62.4955 -89.9
0.8445 62.5405 -90
0.845 62.5855 -90.1
0.8455 62.6306 -90.1
0.846 62.6756 -90.1
0.8465 62.7207 -90.1
0.847 62.7657 -89.9
0.8475 62.8106 -90
0.848 62.8557 -90
0.8485 62.9006 -90
0.849 62.9457 -90.3
0.8495 62.9909 -90.3
0.85 63.036 -90.1
0.8505 63.081 -90.1
0.851 63.1261 -90.1
0.8515 63.1711 -90
0.852 63.2161 -90
0.8525 63.2611 -90
0.853 63.3061 -90.1
0.8535 63.3512 -90
0.854 63.3961 -89.9
0.8545 63.4411 -90
0.855 63.4861 -90
0.8555 63.5311 -90
0.856 63.5761 -89.9
0.8565 63.621 -89.9
0.857 63.666 -90
0.8575 63.711 -90.1
0.858 63.7561 -90
0.8585 63.801 -89.8
0.859 63.8459 -89.7
0.8595 63.8907 -89.8
0.86 63.9357 -89.9
0.8605 63.9806 -89.8
0.861 64.0255 -89.8
0.8615 64.0704 -89.8
0.862 64.1153 -89.8
0.8625 64.1602 -89.8
0.863 64.2051 -89.8
0.8635 64.25 -89.9
0.864 64.295 -89.9
0.8645 64.3399 -89.8
0.865 64.3848 -89.8
0.8655 64.4297 -90
0.866 64.4748 -90.1
0.8665 64.5198 -89.8
0.867 64.5646 -89.8
0.8675 64.6096 -89.9
0.868 64.6545 -89.8
0.8685 64.6994 -89.9
0.869 64.7444 -90.1
0.8695 64.7895 -90
0.87 64.8344 -89.8
0.8705 64.8793 -89.8
0.871 64.9242 -89.8
0.8715 64.9691 -90
0.872 65.0142 -90.1
0.8725 65.0592 -89.8
0.873 65.104 -89.6
0.8735 65.1488 -89.7
0.874 65.1937 -89.9
0.8745 65.2387 -89.8
0.875 65.2835 -89.5
0.8755 65.3282 -89.7
0.876 65.3732 -89.9
0.8765 65.4181 -89.7
0.877 65.4629 -89.6
0.8775 65.5077 -89.5
0.878 65.5524 -89.3
0.8785 65.597 -89.3
0.879 65.6417 -89.5
0.8795 65.6865 -89.5
0.88 65.7312 -89.5
0.8805 65.776 -89.6
0.881 65.8208 -89.7
0.8815 65.8657 -89.6
0.882 65.9104 -89.4
0.8825 65.9551 -89.3
0.883 65.9997 -89.3
0.8835 66.0444 -89.3
0.884 66.089 -89.1
0.8845 66.1335 -89.2
0.885 66.1782 -89.4
0.8855 66.2229 -89.3
0.886 66.2675 -89.2
0.8865 66.3121 -89
0.887 66.3565 -89
0.8875 66.4011 -89.2
0.888 66.4457 -89.3
0.8885 66.4904 -89.2
0.889 66.5349 -89.1
0.8895 66.5795 -89.1
0.89 66.624 -88.8
0.8905 66.6683 -88.8
0.891 66.7128 -88.9
0.8915 66.7572 -88.9
0.892 66.8017 -89
0.8925 66.8462 -88.9
0.893 66.8906 -88.9
0.8935 66.9351 -88.9
0.894 66.9795 -88.7
0.8945 67.0238 -88.7
0.895 67.0682 -88.7
0.8955 67.1125 -88.7
0.896 67.1569 -88.8
0.8965 67.2013 -88.8
0.897 67.2457 -88.7
0.8975 67.29 -88.5
0.898 67.3342 -88.4
0.8985 67.3784 -88.5
0.899 67.4227 -88.4
0.8995 67.4668 -88.3
0.9 67.511 -88.3
0.9005 67.5551 -88.2
0.901 67.5992 -88.1
0.9015 67.6432 -88
0.902 67.6872 -88.2
0.9025 67.7314 -88.3
0.903 67.7755 -88.2
0.9035 67.8196 -88.1
0.904 67.8636 -88.1
0.9045 67.9077 -88.1
0.905 67.9517 -88
0.9055 67.9957 -88
0.906 68.0397 -87.9
0.9065 68.0836 -87.8
0.907 68.1275 -87.8
0.9075 68.1714 -87.9
0.908 68.2154 -88
0.9085 68.2594 -88
0.909 68.3034 -87.8
0.9095 68.3472 -87.8
0.91 68.3912 -87.8
0.9105 68.435 -87.5
0.911 68.4787 -87.5
0.9115 68.5225 -87.6
0.912 68.5663 -87.7
0.9125 68.6102 -87.7
0.913 68.654 -87.7
0.9135 68.6979 -87.6
0.914 68.7416 -87.4
0.9145 68.7853 -87.3
0.915 68.8289 -87.2
0.9155 68.8725 -87.4
0.916 68.9163 -87.6
0.9165 68.9601 -87.5
0.917 69.0038 -87.3
0.9175 69.0474 -87.2
0.918 69.091 -87.2
0.9185 69.1346 -87.2
0.919 69.1782 -87.3
0.9195 69.2219 -87.4
0.92 69.2656 -87.2
0.9205 69.3091 -87.1
0.921 69.3527 -87.3
0.9215 69.3964 -87.4
0.922 69.4401 -87.2
0.9225 69.4836 -87.3
0.923 69.5274 -87.7
0.9235 69.5713 -87.5
0.924 69.6149 -87.2
0.9245 69.6585 -87.3
0.925 69.7022 -87.3
0.9255 69.7458 -87.2
0.926 69.7894 -87
0.9265 69.8328 -87.1
0.927 69.8765 -87.3
0.9275 69.9201 -87.4
0.928 69.9639 -87.4
0.9285 70.0075 -87.1
0.929 70.051 -87.1
0.9295 70.0946 -87.1
0.93 70.1381 -87
0.9305 70.1816 -87.1
0.931 70.2252 -87.2
0.9315 70.2688 -87.2
0.932 70.3124 -87.2
0.9325 70.356 -87.2
0.933 70.3996 -87.2
0.9335 70.4432 -87.3
0.934 70.4869 -87.3
0.9345 70.5305 -87.2
0.935 70.5741 -87.2
0.9355 70.6177 -87.1
0.936 70.6612 -87.1
0.9365 70.7048 -87.2
0.937 70.7484 -87.1
0.9375 70.7919 -87.1
0.938 70.8355 -87.3
0.9385 70.8792 -87.4
0.939 70.9229 -87.3
0.9395 70.9665 -87.2
0.94 71.0101 -87.3
0.9405 71.0538 -87.4
0.941 71.0975 -87.4
0.9415 71.1412 -87.2
0.942 71.1847 -87.1
0.9425 71.2283 -87.1
0.943 71.2718 -87.1
0.9435 71.3154 -87.2
0.944 71.359 -87.3
0.9445 71.4027 -87.3
0.945 71.4463 -87.3
0.9455 71.49 -87.4
0.946 71.5337 -87.6
0.9465 71.5776 -87.7
0.947 71.6214 -87.4
0.9475 71.665 -87.3
0.948 71.7087 -87.4
0.9485 71.7524 -87.5
0.949 71.7962 -87.5
0.9495 71.8399 -87.4
0.95 71.8836 -87.6
0.9505 71.9275 -87.6
0.951 71.9712 -87.3
0.9515 72.0148 -87.3
0.952 72.0585 -87.5
0.9525 72.1023 -87.6
0.953 72.1461 -87.6
0.9535 72.1899 -87.5
0.954 72.2336 -87.5
0.9545 72.2774 -87.7
0.955 72.3213 -87.8
0.9555 72.3652 -87.8
0.956 72.4091 -87.7
0.9565 72.4529 -87.6
0.957 72.4967 -87.8
0.9575 72.5407 -87.8
0.958 72.5845 -87.7
0.9585 72.6284 -87.8
0.959 72.6723 -87.8
0.9595 72.7162 -87.9
0.96 72.7602 -88.1
0.9605 72.8043 -88.1
0.961 72.8483 -88
0.9615 72.8923 -87.9
0.962 72.9362 -88
0.9625 72.9803 -88.1
0.963 73.0243 -88.1
0.9635 73.0684 -88.2
0.964 73.1125 -88.1
0.9645 73.1565 -88.1
0.965 73.2006 -88.3
0.9655 73.2448 -88.3
0.966 73.2889 -88.3
0.9665 73.3331 -88.2
0.967 73.3771 -88
0.9675 73.4211 -88.2
0.968 73.4653 -88.3
0.9685 73.5094 -88.1
0.969 73.5534 -88.2
0.9695 73.5976 -88.2
0.97 73.6416 -88.2
0.9705 73.6858 -88.4
0.971 73.73 -88.5
0.9715 73.7743 -88.6
0.972 73.8186 -88.5
0.9725 73.8628 -88.4
0.973 73.907 -88.5
0.9735 73.9513 -88.5
0.974 73.9955 -88.6
0.9745 74.0399 -88.6
0.975 74.0841 -88.6
0.9755 74.1285 -88.6
0.976 74.1727 -88.6
0.9765 74.2171 -88.6
0.977 74.2613 -88.5
0.9775 74.3056 -88.5
0.978 74.3498 -88.6
0.9785 74.3942 -88.8
0.979 74.4386 -88.6
0.9795 74.4828 -88.6
0.98 74.5272 -88.7
0.9805 74.5715 -88.8
0.981 74.616 -89.1
0.9815 74.6606 -89.1
0.982 74.7051 -88.9
0.9825 74.7495 -88.9
0.983 74.794 -88.8
0.9835 74.8383 -88.8
0.984 74.8828 -88.9
0.9845 74.9272 -89
0.985 74.9718 -89.1
0.9855 75.0163 -89
0.986 75.0608 -89.1
0.9865 75.1054 -89.2
0.987 75.15 -89.2
0.9875 75.1946 -89
0.988 75.239 -89
0.9885 75.2836 -89
0.989 75.328 -89.1
0.9895 75.3727 -89.2
0.99 75.4172 -89.1
0.9905 75.4618 -89.3
0.991 75.5065 -89.3
0.9915 75.5511 -89.1
0.992 75.5956 -89.1
0.9925 75.6402 -89.2
0.993 75.6848 -89.3
0.9935 75.7295 -89.2
0.994 75.774 -89.2
0.9945 75.8187 -89.4
0.995 75.8634 -89.3
0.9955 75.908 -89.2
0.996 75.9526 -89.3
0.9965 75.9973 -89.2
0.997 76.0418 -89.2
0.9975 76.0865 -89.2
0.998 76.131 -89.2
0.9985 76.1757 -89.2
0.999 76.2202 -89.4
0.9995 76.2651 -89.5
1 76.3097 -89.6
