0.0000000000e+00 1.0000000000e+06 0.0000000000e+00
2.0000000000e-03 1.0000000000e+06 0.0000000000e+00
4.0000000000e-03 1.0000000000e+06 0.0000000000e+00
6.0000000000e-03 1.0000000000e+06 0.0000000000e+00
8.0000000000e-03 1.0000000000e+06 0.0000000000e+00
1.0000000000e-02 1.0000000000e+06 0.0000000000e+00
1.2000000000e-02 1.0000000000e+06 0.0000000000e+00
1.4000000000e-02 1.0000000000e+06 0.0000000000e+00
1.6000000000e-02 1.0000000000e+06 0.0000000000e+00
1.8000000000e-02 1.0000000000e+06 0.0000000000e+00
2.0000000000e-02 1.0000000000e+06 0.0000000000e+00
2.2000000000e-02 1.0000000000e+06 0.0000000000e+00
2.4000000000e-02 1.0000000000e+06 0.0000000000e+00
2.6000000000e-02 1.0000000000e+06 0.0000000000e+00
2.8000000000e-02 1.0000000000e+06 0.0000000000e+00
3.0000000000e-02 1.0000000000e+06 0.0000000000e+00
3.2000000000e-02 1.0000000000e+06 0.0000000000e+00
3.4000000000e-02 1.0000000000e+06 0.0000000000e+00
3.6000000000e-02 1.0000000000e+06 0.0000000000e+00
3.8000000000e-02 1.0000000000e+06 0.0000000000e+00
4.0000000000e-02 1.0000000000e+06 0.0000000000e+00
4.2000000000e-02 1.0000000000e+06 0.0000000000e+00
4.4000000000e-02 1.0000000000e+06 0.0000000000e+00
4.6000000000e-02 1.0000000000e+06 0.0000000000e+00
4.8000000000e-02 1.0000000000e+06 0.0000000000e+00
5.0000000000e-02 1.0000000000e+06 0.0000000000e+00
5.2000000000e-02 1.0000000000e+06 0.0000000000e+00
5.4000000000e-02 1.0000000000e+06 0.0000000000e+00
5.6000000000e-02 1.0000000000e+06 0.0000000000e+00
5.8000000000e-02 1.0000000000e+06 0.0000000000e+00
6.0000000000e-02 1.0000000000e+06 0.0000000000e+00
6.2000000000e-02 1.0000000000e+06 0.0000000000e+00
6.4000000000e-02 1.0000000000e+06 0.0000000000e+00
6.6000000000e-02 1.0000000000e+06 0.0000000000e+00
6.8000000000e-02 1.0000000000e+06 0.0000000000e+00
7.0000000000e-02 1.0000000000e+06 0.0000000000e+00
7.2000000000e-02 1.0000000000e+06 0.0000000000e+00
7.4000000000e-02 1.0000000000e+06 0.0000000000e+00
7.6000000000e-02 1.0000000000e+06 0.0000000000e+00
7.8000000000e-02 1.0000000000e+06 0.0000000000e+00
8.0000000000e-02 1.0000000000e+06 0.0000000000e+00
8.2000000000e-02 1.0000000000e+06 0.0000000000e+00
8.4000000000e-02 1.0000000000e+06 0.0000000000e+00
8.6000000000e-02 1.0000000000e+06 0.0000000000e+00
8.8000000000e-02 1.0000000000e+06 0.0000000000e+00
9.0000000000e-02 1.0000000000e+06 0.0000000000e+00
9.2000000000e-02 1.0000000000e+06 0.0000000000e+00
9.4000000000e-02 1.0000000000e+06 3.3224335925e+07
9.6000000000e-02 8.6710265630e+05 6.3915316900e+07
9.8000000000e-02 7.4433873240e+05 5.7036706100e+07
1.0000000000e-01 6.3895583190e+05 4.8961399475e+07
1.0200000000e-01 5.4849313450e+05 4.2029401800e+07
1.0400000000e-01 4.7083822470e+05 3.6078842425e+07
1.0600000000e-01 4.0417776480e+05 3.0970768425e+07
1.0800000000e-01 3.4695515100e+05 2.6585900000e+07
1.1000000000e-01 2.9783416480e+05 2.2821845075e+07
1.1200000000e-01 2.5566777070e+05 1.9590708350e+07
1.1400000000e-01 2.1947133140e+05 1.6817038775e+07
1.1600000000e-01 1.8839961560e+05 1.4436067725e+07
1.1800000000e-01 1.6172706050e+05 1.2392196675e+07
1.2000000000e-01 1.3883082890e+05 1.0637698650e+07
1.2200000000e-01 1.1917626590e+05 9.1316039750e+06
1.2400000000e-01 1.0230441300e+05 7.8387435425e+06
1.2600000000e-01 8.7821291730e+04 6.7289273900e+06
1.2800000000e-01 7.5388703440e+04 5.7762399725e+06
1.3000000000e-01 6.4716331840e+04 4.9584348775e+06
1.3200000000e-01 5.5554963930e+04 4.2564153400e+06
1.3400000000e-01 4.7690670480e+04 3.6537883425e+06
1.3600000000e-01 4.0939810560e+04 3.1364818000e+06
1.3800000000e-01 3.5144743280e+04 2.6924159700e+06
1.4000000000e-01 3.0170146680e+04 2.3112213675e+06
1.4200000000e-01 2.5899857810e+04 1.9839966275e+06
1.4400000000e-01 2.2234160170e+04 1.7031006550e+06
1.4600000000e-01 1.9087455190e+04 1.4619741800e+06
1.4800000000e-01 1.6386263450e+04 1.2549865975e+06
1.5000000000e-01 1.4067508800e+04 1.0773045000e+06
1.5200000000e-01 1.2077045450e+04 9.2477879000e+05
1.5400000000e-01 1.0368393640e+04 7.9384780125e+05
1.5600000000e-01 8.9016542450e+03 6.8145413675e+05
1.5800000000e-01 7.6425770930e+03 5.8497326550e+05
1.6000000000e-01 6.5617611830e+03 5.0215224025e+05
1.6200000000e-01 5.6339681320e+03 4.3105708800e+05
1.6400000000e-01 4.8375328310e+03 3.7002764925e+05
1.6600000000e-01 4.1538575350e+03 3.1763881175e+05
1.6800000000e-01 3.5669775840e+03 2.7266723150e+05
1.7000000000e-01 3.0631886090e+03 2.3406276700e+05
1.7200000000e-01 2.6307265160e+03 2.0092395625e+05
1.7400000000e-01 2.2594927840e+03 1.7247696700e+05
1.7600000000e-01 1.9408186480e+03 1.4805752750e+05
1.7800000000e-01 1.6672626740e+03 1.2709541375e+05
1.8000000000e-01 1.4324369930e+03 1.0910113425e+05
1.8200000000e-01 1.2308581370e+03 9.3654500250e+04
1.8400000000e-01 1.0578189920e+03 8.0394814400e+04
1.8600000000e-01 9.0927887940e+02 6.9012446550e+04
1.8800000000e-01 7.8176920580e+02 5.9241604075e+04
1.9000000000e-01 6.7231246310e+02 5.0854126075e+04
1.9200000000e-01 5.7835270150e+02 4.3654154550e+04
1.9400000000e-01 4.9769584490e+02 3.7473561250e+04
1.9600000000e-01 4.2845845650e+02 3.2168021725e+04
1.9800000000e-01 3.6902375800e+02 2.7613645150e+04
2.0000000000e-01 3.1800387590e+02 2.3704081175e+04
2.0200000000e-01 2.7420743330e+02 2.0348036675e+04
2.0400000000e-01 2.3661172920e+02 1.7467143900e+04
2.0600000000e-01 2.0433885770e+02 1.4994130400e+04
2.0800000000e-01 1.7663520760e+02 1.2871248325e+04
2.1000000000e-01 1.5285386440e+02 1.1048925775e+04
2.1200000000e-01 1.3243950450e+02 9.4846092250e+03
2.1400000000e-01 1.1491542750e+02 8.1417699800e+03
2.1600000000e-01 9.9872424580e+01 6.9890510825e+03
2.1800000000e-01 8.6959223170e+01 5.9995351225e+03
2.2000000000e-01 7.5874284090e+01 5.1501157050e+03
2.2200000000e-01 6.6358760350e+01 4.4209578300e+03
2.2400000000e-01 5.8190452770e+01 3.7950347625e+03
2.2600000000e-01 5.1178621300e+01 3.2577304300e+03
2.2800000000e-01 4.5159531050e+01 2.7964981125e+03
2.3000000000e-01 3.9992628850e+01 2.4005674700e+03
2.3200000000e-01 3.5557261170e+01 2.0606930325e+03
2.3400000000e-01 3.1749856720e+01 1.7689383125e+03
2.3600000000e-01 2.8481507920e+01 2.5432295825e+03
2.3800000000e-01 2.1576938390e+01 2.2993679525e+03
2.4000000000e-01 1.9284036110e+01 9.5009593750e+02
2.4200000000e-01 1.7776554640e+01 7.0049966750e+02
2.4400000000e-01 1.6482037440e+01 5.5034432750e+02
2.4600000000e-01 1.5575177330e+01 9.2770264500e+02
2.4800000000e-01 1.2771226860e+01 1.1895808250e+03
2.5000000000e-01 1.0816854030e+01 8.7988011725e+02
2.5200000000e-01 9.2517063910e+00 6.8899146550e+02
2.5400000000e-01 8.0608881680e+00 5.4761976200e+02
2.5600000000e-01 7.0612273430e+00 5.2908204475e+02
2.5800000000e-01 5.9445599890e+00 5.1392076625e+02
2.6000000000e-01 5.0055442780e+00 4.2714238025e+02
2.6200000000e-01 4.2359904680e+00 3.3539693200e+02
2.6400000000e-01 3.6639565500e+00 2.5044995125e+02
2.6600000000e-01 3.2341906630e+00 2.0277479150e+02
2.6800000000e-01 2.8528573840e+00 1.8099929800e+02
2.7000000000e-01 2.5101934710e+00 1.4665515125e+02
2.7200000000e-01 2.2662367790e+00 1.0632795400e+02
2.7400000000e-01 2.0848816550e+00 5.3773854250e+01
2.7600000000e-01 2.0511413620e+00 1.6226639250e+01
2.7800000000e-01 2.0199750980e+00 6.9801007500e+00
2.8000000000e-01 2.0232209590e+00 -5.7138987500e+00
2.8200000000e-01 2.0428306930e+00 -1.4938089500e+01
2.8400000000e-01 2.0829733170e+00 -2.3653711000e+01
2.8600000000e-01 2.1374455370e+00 -3.5931646000e+01
2.8800000000e-01 2.2266999010e+00 -5.1818756500e+01
2.9000000000e-01 2.3447205630e+00 -5.7767757250e+01
2.9200000000e-01 2.4577709300e+00 -5.9395317000e+01
2.9400000000e-01 2.5823018310e+00 -6.5429984000e+01
2.9600000000e-01 2.7194908660e+00 -6.1703976500e+01
2.9800000000e-01 2.8291177370e+00 -5.0364598250e+01
3.0000000000e-01 2.9209492590e+00 -4.4271712250e+01
3.0200000000e-01 3.0062045860e+00 -3.0686324750e+01
3.0400000000e-01 3.0436945580e+00 -1.9932937500e+01
3.0600000000e-01 3.0859363360e+00 -1.9204439000e+01
3.0800000000e-01 3.1205123140e+00 -1.2745489250e+01
3.1000000000e-01 3.1369182930e+00 -5.7241990000e+00
3.1200000000e-01 3.1434091100e+00 -1.4833887500e+00
3.1400000000e-01 3.1428518480e+00 1.0152185000e+01
3.1600000000e-01 3.1028003700e+00 1.8181878000e+01
3.1800000000e-01 3.0701243360e+00 1.8013784000e+01
3.2000000000e-01 3.0307452340e+00 1.8087407250e+01
3.2200000000e-01 2.9977747070e+00 2.6687114000e+01
3.2400000000e-01 2.9239967780e+00 3.5633840500e+01
3.2600000000e-01 2.8552393450e+00 3.8938134250e+01
3.2800000000e-01 2.7682442410e+00 3.9150335000e+01
3.3000000000e-01 2.6986380050e+00 3.9805980500e+01
3.3200000000e-01 2.6090203190e+00 4.3406479500e+01
3.3400000000e-01 2.5250120870e+00 4.2428265500e+01
3.3600000000e-01 2.4393072570e+00 4.2249854000e+01
3.3800000000e-01 2.3560126710e+00 4.0392938750e+01
3.4000000000e-01 2.2777355020e+00 4.5723915750e+01
3.4200000000e-01 2.1731170080e+00 4.7307396500e+01
3.4400000000e-01 2.0885059160e+00 4.0955664500e+01
3.4600000000e-01 2.0092943500e+00 4.0966523000e+01
3.4800000000e-01 1.9246398240e+00 4.0510190500e+01
3.5000000000e-01 1.8472535880e+00 3.8581511250e+01
3.5200000000e-01 1.7703137790e+00 3.9871765000e+01
3.5400000000e-01 1.6877665280e+00 3.8885788000e+01
3.5600000000e-01 1.6147706270e+00 3.8100378250e+01
3.5800000000e-01 1.5353650150e+00 3.7701208250e+01
3.6000000000e-01 1.4639657940e+00 3.6555773500e+01
3.6200000000e-01 1.3891419210e+00 3.6771205000e+01
3.6400000000e-01 1.3168809740e+00 3.6189015750e+01
3.6600000000e-01 1.2443858580e+00 3.6248036000e+01
3.6800000000e-01 1.1718888300e+00 3.4164404500e+01
3.7000000000e-01 1.1077282400e+00 3.3708867250e+01
3.7200000000e-01 1.0370533610e+00 3.4610381450e+01
3.7400000000e-01 9.6928671420e-01 3.2597397025e+01
3.7600000000e-01 9.0666377290e-01 3.1199287650e+01
3.7800000000e-01 8.4448956360e-01 3.1263262575e+01
3.8000000000e-01 7.8161072260e-01 3.2698551050e+01
3.8200000000e-01 7.1369535940e-01 2.9732988500e+01
3.8400000000e-01 6.6267876860e-01 2.9161212975e+01
3.8600000000e-01 5.9705050750e-01 2.8711395050e+01
3.8800000000e-01 5.4783318840e-01 2.7373956425e+01
3.9000000000e-01 4.8755468180e-01 2.8845215000e+01
3.9200000000e-01 4.3245232840e-01 2.6802171200e+01
3.9400000000e-01 3.8034599700e-01 2.3761659625e+01
3.9600000000e-01 3.3740568990e-01 2.2073810000e+01
3.9800000000e-01 2.9205075700e-01 2.2179504650e+01
4.0000000000e-01 2.4868767130e-01 2.1608429450e+01
4.0200000000e-01 2.0561703920e-01 2.1446166775e+01
4.0400000000e-01 1.6290300420e-01 2.1094740775e+01
4.0600000000e-01 1.2123807610e-01 1.7828814630e+01
4.0800000000e-01 9.1587745680e-02 2.1002592825e+01
4.1000000000e-01 3.7227704800e-02 2.0053275067e+01
4.1200000000e-01 1.1374645410e-02 1.8433174662e+01
4.1400000000e-01 -3.6504993850e-02 1.8125372585e+01
4.1600000000e-01 -6.1126844930e-02 1.1881697987e+01
4.1800000000e-01 -8.4031785800e-02 1.4419213917e+01
4.2000000000e-01 -1.1880370060e-01 1.6388608475e+01
4.2200000000e-01 -1.4958621970e-01 1.5231046425e+01
4.2400000000e-01 -1.7972788630e-01 9.8097619500e+00
4.2600000000e-01 -1.8882526750e-01 8.7328803500e+00
4.2800000000e-01 -2.1465940770e-01 9.7049807500e+00
4.3000000000e-01 -2.2764519050e-01 8.3399653500e+00
4.3200000000e-01 -2.4801926910e-01 5.8596610750e+00
4.3400000000e-01 -2.5108383480e-01 7.2702363250e+00
4.3600000000e-01 -2.7710021440e-01 7.4238695750e+00
4.3800000000e-01 -2.8077931310e-01 4.0275692750e+00
4.4000000000e-01 -2.9321049150e-01 5.1655037750e+00
4.4200000000e-01 -3.0144132820e-01 5.6040627500e+00
4.4400000000e-01 -3.1562674250e-01 3.5882594250e+00
4.4600000000e-01 -3.1579436590e-01 3.2654256500e+00
4.4800000000e-01 -3.2868844510e-01 -1.0233388000e+00
4.5000000000e-01 -3.1170101070e-01 -3.3556915750e+00
4.5200000000e-01 -3.1526567880e-01 -1.4331108750e+00
4.5400000000e-01 -3.0596856720e-01 -4.2942493750e+00
4.5600000000e-01 -2.9808868130e-01 -4.7793538750e+00
4.5800000000e-01 -2.8685115170e-01 -5.0517906250e+00
4.6000000000e-01 -2.7788151880e-01 -6.2513712750e+00
4.6200000000e-01 -2.6184566660e-01 -7.0146723250e+00
4.6400000000e-01 -2.4982282950e-01 -7.1951313750e+00
4.6600000000e-01 -2.3306514110e-01 -8.5634330500e+00
4.6800000000e-01 -2.1556909730e-01 -8.0829921750e+00
4.7000000000e-01 -2.0073317240e-01 -8.9696855250e+00
4.7200000000e-01 -1.7969035520e-01 -8.5507735250e+00
4.7400000000e-01 -1.6653007830e-01 -9.3293716500e+00
4.7600000000e-01 -1.4237286860e-01 -1.0703622450e+01
4.7800000000e-01 -1.2371558850e-01 -1.0447279125e+01
4.8000000000e-01 -1.0058375210e-01 -1.0484005100e+01
4.8200000000e-01 -8.1779568100e-02 -1.0770789825e+01
4.8400000000e-01 -5.7500592800e-02 -1.0145802980e+01
4.8600000000e-01 -4.1196356180e-02 -1.2633670666e+01
4.8800000000e-01 -6.9659101350e-03 -1.6079134412e+01
4.9000000000e-01 2.3120181470e-02 -1.5715419206e+01
4.9200000000e-01 5.5895766690e-02 -1.6732005882e+01
4.9400000000e-01 9.0048205000e-02 -1.5465807178e+01
4.9600000000e-01 1.1775899540e-01 -1.5460861600e+01
4.9800000000e-01 1.5189165140e-01 -1.6423676775e+01
5.0000000000e-01 1.8345370250e-01 -1.3024372875e+01
5.0200000000e-01 2.0398914290e-01 -1.4252298450e+01
5.0400000000e-01 2.4046289630e-01 -1.6823079450e+01
5.0600000000e-01 2.7128146070e-01 -1.7115465000e+01
5.0800000000e-01 3.0892475630e-01 -1.7215498775e+01
5.1000000000e-01 3.4014345580e-01 -1.9222640375e+01
5.1200000000e-01 3.8581531780e-01 -1.9777942850e+01
5.1400000000e-01 4.1925522720e-01 -1.8853747225e+01
5.1600000000e-01 4.6123030670e-01 -1.7053641525e+01
5.1800000000e-01 4.8746979330e-01 -1.4612732550e+01
5.2000000000e-01 5.1968123690e-01 -1.6080491700e+01
5.2200000000e-01 5.5179176010e-01 -1.3622204175e+01
5.2400000000e-01 5.7417005360e-01 -1.4653509600e+01
5.2600000000e-01 6.1040579850e-01 -1.8175694550e+01
5.2800000000e-01 6.4687283180e-01 -1.7461134025e+01
5.3000000000e-01 6.8025033460e-01 -1.5774198125e+01
5.3200000000e-01 7.0996962430e-01 -1.2987381200e+01
5.3400000000e-01 7.3219985940e-01 -1.3394127775e+01
5.3600000000e-01 7.6354613540e-01 -1.3034469250e+01
5.3800000000e-01 7.8433773640e-01 -8.5817936750e+00
5.4000000000e-01 7.9787331010e-01 -8.0845197250e+00
5.4200000000e-01 8.1667581530e-01 -8.9662921250e+00
5.4400000000e-01 8.3373847860e-01 -8.7612111750e+00
5.4600000000e-01 8.5172066000e-01 -4.7403895750e+00
5.4800000000e-01 8.5270003690e-01 -1.1050243250e+00
5.5000000000e-01 8.5614075730e-01 -4.1505557250e+00
5.5200000000e-01 8.6930225980e-01 -3.5788308750e+00
5.5400000000e-01 8.7045608080e-01 -2.0991391250e+00
5.5600000000e-01 8.7769881630e-01 -1.8310548250e+00
5.5800000000e-01 8.7778030010e-01 -1.3224203750e+00
5.6000000000e-01 8.8298849780e-01 -2.0406544250e+00
5.6200000000e-01 8.8594291780e-01 8.0740225000e-02
5.6400000000e-01 8.8266553690e-01 -3.2491627500e-01
5.6600000000e-01 8.8724258290e-01 -3.3887087500e-01
5.6800000000e-01 8.8402102040e-01 -3.9446432500e-01
5.7000000000e-01 8.8882044020e-01 2.4441482500e-01
5.7200000000e-01 8.8304336110e-01 7.7611575000e-01
5.7400000000e-01 8.8571597720e-01 -9.8387922500e-01
5.7600000000e-01 8.8697887800e-01 -4.4619572500e-01
5.7800000000e-01 8.8750076010e-01 -9.0661242500e-01
5.8000000000e-01 8.9060532770e-01 -9.5714625000e-02
5.8200000000e-01 8.8788361860e-01 -1.1539488500e+00
5.8400000000e-01 8.9522112310e-01 -7.7961825000e-02
5.8600000000e-01 8.8819546590e-01 3.1118015000e-01
5.8800000000e-01 8.9397640250e-01 -7.9646212500e-01
5.9000000000e-01 8.9138131440e-01 -1.0802873750e+00
5.9200000000e-01 8.9829755200e-01 -1.1238073000e+00
5.9400000000e-01 8.9587654360e-01 1.2268700750e+00
5.9600000000e-01 8.9339007170e-01 3.9443977500e-01
5.9800000000e-01 8.9429878450e-01 -4.2615630000e-01
6.0000000000e-01 8.9509469690e-01 -1.2104646750e+00
6.0200000000e-01 8.9914064320e-01 -8.9117135000e-01
6.0400000000e-01 8.9865938230e-01 3.4081780000e-01
6.0600000000e-01 8.9777737200e-01 -2.0076420000e-01
6.0800000000e-01 8.9946243910e-01 -1.3535000000e-03
6.1000000000e-01 8.9778278600e-01 -2.0051952250e+00
6.1200000000e-01 9.0748322000e-01 -2.0895637750e+00
6.1400000000e-01 9.0614104110e-01 -8.7522517500e-01
6.1600000000e-01 9.1098412070e-01 -2.5588514750e+00
6.1800000000e-01 9.1637644700e-01 -2.3915467250e+00
6.2000000000e-01 9.2055030760e-01 -3.1219652000e+00
6.2200000000e-01 9.2886430780e-01 -3.9382373500e+00
6.2400000000e-01 9.3630325700e-01 -1.4323843000e+00
6.2600000000e-01 9.3459384500e-01 -1.9155746250e+00
6.2800000000e-01 9.4396555550e-01 -2.4905045750e+00
6.3000000000e-01 9.4455586330e-01 -2.4650475000e+00
6.3200000000e-01 9.5382574550e-01 -3.5910448500e+00
6.3400000000e-01 9.5892004270e-01 -3.3730780500e+00
6.3600000000e-01 9.6731805770e-01 -8.9775430000e-01
6.3800000000e-01 9.6251105990e-01 3.7972200000e-02
6.4000000000e-01 9.6716616890e-01 2.9778075000e-02
6.4200000000e-01 9.6239194760e-01 -2.4060892500e-01
6.4400000000e-01 9.6812860460e-01 -8.4861700000e-02
6.4600000000e-01 9.6273139440e-01 6.7574692500e-01
6.4800000000e-01 9.6542561690e-01 -2.6365718500e+00
6.5000000000e-01 9.7327768180e-01 -1.4020323250e+00
6.5200000000e-01 9.7103374620e-01 -5.5338555000e-01
6.5400000000e-01 9.7549122400e-01 -1.1427932500e+00
6.5600000000e-01 9.7560491920e-01 3.8311200000e-01
6.5800000000e-01 9.7395877600e-01 -3.7026037500e-01
6.6000000000e-01 9.7708596070e-01 3.2159702500e-01
6.6200000000e-01 9.7267238790e-01 1.1944241750e+00
6.6400000000e-01 9.7230826400e-01 6.7219782500e-01
6.6600000000e-01 9.6998359660e-01 2.1552027500e-01
6.6800000000e-01 9.7144618290e-01 -4.6668870000e-01
6.7000000000e-01 9.7185035140e-01 -8.5036165000e-01
6.7200000000e-01 9.7484762950e-01 1.7344735000e-01
6.7400000000e-01 9.7115656200e-01 1.0555925500e+00
6.7600000000e-01 9.7062525930e-01 4.5848072500e-01
6.7800000000e-01 9.6932263910e-01 5.0186710000e-01
6.8000000000e-01 9.6861779090e-01 1.8364580000e-01
6.8200000000e-01 9.6858805590e-01 1.3838649000e+00
6.8400000000e-01 9.6308233130e-01 2.0045477500e+00
6.8600000000e-01 9.6056986490e-01 1.3699456000e+00
6.8800000000e-01 9.5760254890e-01 -7.9142400000e-02
6.9000000000e-01 9.6088643450e-01 4.3218125000e-01
6.9200000000e-01 9.5587382390e-01 6.7775415000e-01
6.9400000000e-01 9.5817541790e-01 1.4780359250e+00
6.9600000000e-01 9.4996168020e-01 1.6132575000e+00
6.9800000000e-01 9.5172238790e-01 1.8717991250e+00
7.0000000000e-01 9.4247448370e-01 4.2402839750e+00
7.0200000000e-01 9.3476125200e-01 3.5739546000e+00
7.0400000000e-01 9.2817866530e-01 3.1185131250e+00
7.0600000000e-01 9.2228719950e-01 2.6062667500e-01
7.0800000000e-01 9.2713615860e-01 -6.1047970000e-01
7.1000000000e-01 9.2472911830e-01 1.9911676750e+00
7.1200000000e-01 9.1917148790e-01 1.5215742500e+00
7.1400000000e-01 9.1864282130e-01 2.4749178500e+00
7.1600000000e-01 9.0927181650e-01 2.5193664750e+00
7.1800000000e-01 9.0856535540e-01 2.2953565000e+00
7.2000000000e-01 9.0009039050e-01 3.4242317750e+00
7.2200000000e-01 8.9486842830e-01 3.2525544250e+00
7.2400000000e-01 8.8708017280e-01 1.5822556000e+00
7.2600000000e-01 8.8853940590e-01 2.2233586750e+00
7.2800000000e-01 8.7818673810e-01 3.6445971250e+00
7.3000000000e-01 8.7396101740e-01 1.3105873000e+00
7.3200000000e-01 8.7294438890e-01 1.1789759500e+00
7.3400000000e-01 8.6924511360e-01 2.2180492750e+00
7.3600000000e-01 8.6407219180e-01 3.3720185750e+00
7.3800000000e-01 8.5575703930e-01 2.1906602500e+00
7.4000000000e-01 8.5530955080e-01 3.0836593750e+00
7.4200000000e-01 8.4342240180e-01 3.2975725000e+00
7.4400000000e-01 8.4211926080e-01 2.0554311750e+00
7.4600000000e-01 8.3520067710e-01 3.3673078750e+00
7.4800000000e-01 8.2865002930e-01 2.7594047000e+00
7.5000000000e-01 8.2416305830e-01 2.2770922000e+00
7.5200000000e-01 8.1954166050e-01 2.5685384500e+00
7.5400000000e-01 8.1388890450e-01 3.5073938750e+00
7.5600000000e-01 8.0551208500e-01 2.5361450750e+00
7.5800000000e-01 8.0374432420e-01 2.7121944250e+00
7.6000000000e-01 7.9466330730e-01 2.4340201250e+00
7.6200000000e-01 7.9400824370e-01 1.7872492500e+00
7.6400000000e-01 7.8751431030e-01 4.0661866000e+00
7.6600000000e-01 7.7774349730e-01 3.2310863250e+00
7.6800000000e-01 7.7458996500e-01 3.3514726500e+00
7.7000000000e-01 7.6433760670e-01 3.3799711250e+00
7.7200000000e-01 7.6107008050e-01 3.6301640750e+00
7.7400000000e-01 7.4981695040e-01 3.7835168500e+00
7.7600000000e-01 7.4593601310e-01 3.4410494500e+00
7.7800000000e-01 7.3605275260e-01 2.4118040000e+00
7.8000000000e-01 7.3628879710e-01 5.5260667500e-01
7.8200000000e-01 7.3384232590e-01 2.5102371000e+00
7.8400000000e-01 7.2624784870e-01 3.0066584000e+00
7.8600000000e-01 7.2181569230e-01 2.5902494750e+00
7.8800000000e-01 7.1588685080e-01 4.0788946500e+00
7.9000000000e-01 7.0550011370e-01 4.3180074750e+00
7.9200000000e-01 6.9861482090e-01 3.5472193250e+00
7.9400000000e-01 6.9131123640e-01 3.6345924500e+00
7.9600000000e-01 6.8407645110e-01 3.2536944500e+00
7.9800000000e-01 6.7829645860e-01 2.6964836000e+00
8.0000000000e-01 6.7329051670e-01 3.1439957750e+00
8.0200000000e-01 6.6572047550e-01 4.5886976750e+00
8.0400000000e-01 6.5493572600e-01 3.4330702750e+00
8.0600000000e-01 6.5198819440e-01 4.3755849750e+00
8.0800000000e-01 6.3743338610e-01 4.5918769250e+00
8.1000000000e-01 6.3362068670e-01 4.6393573500e+00
8.1200000000e-01 6.1887595670e-01 4.7556412000e+00
8.1400000000e-01 6.1459812190e-01 3.2970402000e+00
8.1600000000e-01 6.0568779590e-01 3.8561966250e+00
8.1800000000e-01 5.9917333540e-01 3.1455701250e+00
8.2000000000e-01 5.9310551540e-01 1.4402858000e+00
8.2200000000e-01 5.9341219220e-01 1.5337064250e+00
8.2400000000e-01 5.8697068970e-01 3.5486504750e+00
8.2600000000e-01 5.7921759030e-01 3.8148916000e+00
8.2800000000e-01 5.7171112330e-01 3.6782336750e+00
8.3000000000e-01 5.6450465560e-01 4.5430283000e+00
8.3200000000e-01 5.5353901010e-01 3.2074265250e+00
8.3400000000e-01 5.5167494950e-01 2.9843315000e+00
8.3600000000e-01 5.4160168410e-01 4.9194520500e+00
8.3800000000e-01 5.3199714130e-01 4.2305315250e+00
8.4000000000e-01 5.2467955800e-01 3.7994236000e+00
8.4200000000e-01 5.1679944690e-01 3.9542180750e+00
8.4400000000e-01 5.0886268570e-01 4.7376635250e+00
8.4600000000e-01 4.9784879280e-01 3.1588906500e+00
8.4800000000e-01 4.9622712310e-01 3.3359694500e+00
8.5000000000e-01 4.8450491500e-01 4.3925472500e+00
8.5200000000e-01 4.7865693410e-01 2.8818459500e+00
8.5400000000e-01 4.7297753120e-01 3.8331402750e+00
8.5600000000e-01 4.6332437300e-01 4.2607046750e+00
8.5800000000e-01 4.5593471250e-01 4.8238784250e+00
8.6000000000e-01 4.4402885930e-01 4.8276431250e+00
8.6200000000e-01 4.3662414000e-01 4.7740963750e+00
8.6400000000e-01 4.2493247380e-01 4.7238499500e+00
8.6600000000e-01 4.1772874020e-01 3.8798014500e+00
8.6800000000e-01 4.0941326800e-01 4.5781606500e+00
8.7000000000e-01 3.9941609760e-01 3.2914284500e+00
8.7200000000e-01 3.9624755420e-01 4.0225121750e+00
8.7400000000e-01 3.8332604890e-01 4.8377496250e+00
8.7600000000e-01 3.7689655570e-01 3.7165629250e+00
8.7800000000e-01 3.6845979720e-01 5.6724810250e+00
8.8000000000e-01 3.5420663160e-01 6.0820918000e+00
8.8200000000e-01 3.4413143000e-01 5.2988494250e+00
8.8400000000e-01 3.3301123390e-01 5.3576370250e+00
8.8600000000e-01 3.2270088190e-01 3.5459201000e+00
8.8800000000e-01 3.1882755350e-01 3.5127796000e+00
8.9000000000e-01 3.0864976350e-01 4.6648416000e+00
8.9200000000e-01 3.0016818710e-01 4.2571308000e+00
8.9400000000e-01 2.9162124030e-01 3.2183057000e+00
8.9600000000e-01 2.8729496430e-01 4.8932039250e+00
8.9800000000e-01 2.7204842460e-01 5.1450052000e+00
9.0000000000e-01 2.6671494350e-01 4.6443355500e+00
9.0200000000e-01 2.5347108240e-01 5.0160171000e+00
9.0400000000e-01 2.4665087510e-01 4.2158567000e+00
9.0600000000e-01 2.3660765560e-01 5.0394219500e+00
9.0800000000e-01 2.2649318730e-01 4.7481953250e+00
9.1000000000e-01 2.1761487430e-01 4.3246651250e+00
9.1200000000e-01 2.0919452680e-01 4.0768942500e+00
9.1400000000e-01 2.0130729730e-01 4.4015163000e+00
9.1600000000e-01 1.9158846160e-01 5.3841610750e+00
9.1800000000e-01 1.7977065300e-01 5.7666489750e+00
9.2000000000e-01 1.6852186570e-01 5.1804642250e+00
9.2200000000e-01 1.5904879610e-01 5.7518493250e+00
9.2400000000e-01 1.4551446840e-01 5.1998565500e+00
9.2600000000e-01 1.3824936990e-01 3.5637863250e+00
9.2800000000e-01 1.3125932310e-01 4.1390042500e+00
9.3000000000e-01 1.2169335290e-01 5.0292968500e+00
9.3200000000e-01 1.1114213570e-01 5.1034591000e+00
9.3400000000e-01 1.0127951650e-01 4.0156992525e+00
9.3600000000e-01 9.5079338690e-02 3.0129276175e+00
9.3800000000e-01 8.9227806030e-02 3.8203410075e+00
9.4000000000e-01 7.9797974660e-02 4.4618903675e+00
9.4200000000e-01 7.1380244560e-02 3.2498990650e+00
9.4400000000e-01 6.6798378400e-02 3.5646800625e+00
9.4600000000e-01 5.7121524310e-02 4.2906583300e+00
9.4800000000e-01 4.9635745080e-02 3.3384784775e+00
9.5000000000e-01 4.3767610400e-02 3.7268145200e+00
9.5200000000e-01 3.4728487000e-02 3.6624476300e+00
9.5400000000e-01 2.9117819880e-02 3.6343959400e+00
9.5600000000e-01 2.0190903240e-02 3.6450196125e+00
9.5800000000e-01 1.4537741430e-02 2.7083511690e+00
9.6000000000e-01 9.3574985640e-03 2.2691234827e+00
9.6200000000e-01 5.4612474990e-03 2.2692366574e+00
9.6400000000e-01 2.8055193420e-04 1.9784303617e+00
9.6600000000e-01 -2.4524739480e-03 1.6167462125e+00
9.6800000000e-01 -6.1864329160e-03 2.6520279955e+00
9.7000000000e-01 -1.3060585930e-02 2.3367396360e+00
9.7200000000e-01 -1.5533391460e-02 1.5931548450e+00
9.7400000000e-01 -1.9433205310e-02 1.4651990925e+00
9.7600000000e-01 -2.1394187830e-02 1.8551010575e+00
9.7800000000e-01 -2.6853609540e-02 1.4608788475e+00
9.8000000000e-01 -2.7237703220e-02 8.6258962000e-01
9.8200000000e-01 -3.0303968020e-02 1.2462867000e-01
9.8400000000e-01 -2.7736217900e-02 -8.7313299500e-01
9.8600000000e-01 -2.6811436040e-02 -1.4614160200e+00
9.8800000000e-01 -2.1890553820e-02 -1.4277091175e+00
9.9000000000e-01 -2.1100599570e-02 -2.0156595625e+00
9.9200000000e-01 -1.3827915570e-02 -2.5634240725e+00
9.9400000000e-01 -1.0846903280e-02 -1.4830196148e+00
9.9600000000e-01 -7.8958371110e-03 -1.4352764783e+00
9.9800000000e-01 -5.1057973670e-03 -1.9739592778e+00
1.0000000000e+00 0.0000000000e+00 -1.2764493418e+00
1.0020000000e+00 0.0000000000e+00 0.0000000000e+00
1.0040000000e+00 0.0000000000e+00 0.0000000000e+00
1.0060000000e+00 0.0000000000e+00 0.0000000000e+00
1.0080000000e+00 0.0000000000e+00 0.0000000000e+00
1.0100000000e+00 0.0000000000e+00 0.0000000000e+00
1.0120000000e+00 0.0000000000e+00 0.0000000000e+00
1.0140000000e+00 0.0000000000e+00 0.0000000000e+00
1.0160000000e+00 0.0000000000e+00 0.0000000000e+00
1.0180000000e+00 0.0000000000e+00 0.0000000000e+00
1.0200000000e+00 0.0000000000e+00 0.0000000000e+00
1.0220000000e+00 0.0000000000e+00 0.0000000000e+00
1.0240000000e+00 0.0000000000e+00 0.0000000000e+00
1.0260000000e+00 0.0000000000e+00 0.0000000000e+00
1.0280000000e+00 0.0000000000e+00 0.0000000000e+00
1.0300000000e+00 0.0000000000e+00 0.0000000000e+00
1.0320000000e+00 0.0000000000e+00 0.0000000000e+00
1.0340000000e+00 0.0000000000e+00 0.0000000000e+00
1.0360000000e+00 0.0000000000e+00 0.0000000000e+00
1.0380000000e+00 0.0000000000e+00 0.0000000000e+00
1.0400000000e+00 0.0000000000e+00 0.0000000000e+00
1.0420000000e+00 0.0000000000e+00 0.0000000000e+00
1.0440000000e+00 0.0000000000e+00 0.0000000000e+00
1.0460000000e+00 0.0000000000e+00 0.0000000000e+00
1.0480000000e+00 0.0000000000e+00 0.0000000000e+00
1.0500000000e+00 0.0000000000e+00 0.0000000000e+00
1.0520000000e+00 0.0000000000e+00 0.0000000000e+00
1.0540000000e+00 0.0000000000e+00 0.0000000000e+00
1.0560000000e+00 0.0000000000e+00 0.0000000000e+00
1.0580000000e+00 0.0000000000e+00 0.0000000000e+00
1.0600000000e+00 0.0000000000e+00 0.0000000000e+00
1.0620000000e+00 0.0000000000e+00 0.0000000000e+00
1.0640000000e+00 0.0000000000e+00 0.0000000000e+00
1.0660000000e+00 0.0000000000e+00 0.0000000000e+00
1.0680000000e+00 0.0000000000e+00 0.0000000000e+00
1.0700000000e+00 0.0000000000e+00 0.0000000000e+00
1.0720000000e+00 0.0000000000e+00 0.0000000000e+00
1.0740000000e+00 0.0000000000e+00 0.0000000000e+00
1.0760000000e+00 0.0000000000e+00 0.0000000000e+00
1.0780000000e+00 0.0000000000e+00 0.0000000000e+00
1.0800000000e+00 0.0000000000e+00 0.0000000000e+00
1.0820000000e+00 0.0000000000e+00 0.0000000000e+00
1.0840000000e+00 0.0000000000e+00 0.0000000000e+00
1.0860000000e+00 0.0000000000e+00 0.0000000000e+00
1.0880000000e+00 0.0000000000e+00 0.0000000000e+00
1.0900000000e+00 0.0000000000e+00 0.0000000000e+00
1.0920000000e+00 0.0000000000e+00 0.0000000000e+00
1.0940000000e+00 0.0000000000e+00 0.0000000000e+00
1.0960000000e+00 0.0000000000e+00 0.0000000000e+00
1.0980000000e+00 0.0000000000e+00 0.0000000000e+00
1.1000000000e+00 0.0000000000e+00 0.0000000000e+00
1.1020000000e+00 0.0000000000e+00 0.0000000000e+00
1.1040000000e+00 0.0000000000e+00 0.0000000000e+00
1.1060000000e+00 0.0000000000e+00 0.0000000000e+00
1.1080000000e+00 0.0000000000e+00 0.0000000000e+00
1.1100000000e+00 0.0000000000e+00 0.0000000000e+00
1.1120000000e+00 0.0000000000e+00 0.0000000000e+00
1.1140000000e+00 0.0000000000e+00 0.0000000000e+00
1.1160000000e+00 0.0000000000e+00 0.0000000000e+00
1.1180000000e+00 0.0000000000e+00 0.0000000000e+00
1.1200000000e+00 0.0000000000e+00 0.0000000000e+00
1.1220000000e+00 0.0000000000e+00 0.0000000000e+00
1.1240000000e+00 0.0000000000e+00 0.0000000000e+00
1.1260000000e+00 0.0000000000e+00 0.0000000000e+00
1.1280000000e+00 0.0000000000e+00 0.0000000000e+00
1.1300000000e+00 0.0000000000e+00 0.0000000000e+00
1.1320000000e+00 0.0000000000e+00 0.0000000000e+00
1.1340000000e+00 0.0000000000e+00 0.0000000000e+00
1.1360000000e+00 0.0000000000e+00 0.0000000000e+00
1.1380000000e+00 0.0000000000e+00 0.0000000000e+00
1.1400000000e+00 0.0000000000e+00 0.0000000000e+00
1.1420000000e+00 0.0000000000e+00 0.0000000000e+00
1.1440000000e+00 0.0000000000e+00 0.0000000000e+00
1.1460000000e+00 0.0000000000e+00 0.0000000000e+00
1.1480000000e+00 0.0000000000e+00 0.0000000000e+00
1.1500000000e+00 0.0000000000e+00 0.0000000000e+00
1.1520000000e+00 0.0000000000e+00 0.0000000000e+00
1.1540000000e+00 0.0000000000e+00 0.0000000000e+00
1.1560000000e+00 0.0000000000e+00 0.0000000000e+00
1.1580000000e+00 0.0000000000e+00 0.0000000000e+00
1.1600000000e+00 0.0000000000e+00 0.0000000000e+00
1.1620000000e+00 0.0000000000e+00 0.0000000000e+00
1.1640000000e+00 0.0000000000e+00 0.0000000000e+00
1.1660000000e+00 0.0000000000e+00 0.0000000000e+00
1.1680000000e+00 0.0000000000e+00 0.0000000000e+00
1.1700000000e+00 0.0000000000e+00 0.0000000000e+00
1.1720000000e+00 0.0000000000e+00 0.0000000000e+00
1.1740000000e+00 0.0000000000e+00 0.0000000000e+00
1.1760000000e+00 0.0000000000e+00 0.0000000000e+00
1.1780000000e+00 0.0000000000e+00 0.0000000000e+00
1.1800000000e+00 0.0000000000e+00 0.0000000000e+00
1.1820000000e+00 0.0000000000e+00 0.0000000000e+00
1.1840000000e+00 0.0000000000e+00 0.0000000000e+00
1.1860000000e+00 0.0000000000e+00 0.0000000000e+00
1.1880000000e+00 0.0000000000e+00 0.0000000000e+00
1.1900000000e+00 0.0000000000e+00 0.0000000000e+00
1.1920000000e+00 0.0000000000e+00 0.0000000000e+00
1.1940000000e+00 0.0000000000e+00 0.0000000000e+00
1.1960000000e+00 0.0000000000e+00 0.0000000000e+00
1.1980000000e+00 0.0000000000e+00 0.0000000000e+00
1.2000000000e+00 0.0000000000e+00 0.0000000000e+00
1.2020000000e+00 0.0000000000e+00 0.0000000000e+00
1.2040000000e+00 0.0000000000e+00 0.0000000000e+00
1.2060000000e+00 0.0000000000e+00 0.0000000000e+00
1.2080000000e+00 0.0000000000e+00 0.0000000000e+00
1.2100000000e+00 0.0000000000e+00 0.0000000000e+00
1.2120000000e+00 0.0000000000e+00 0.0000000000e+00
1.2140000000e+00 0.0000000000e+00 0.0000000000e+00
1.2160000000e+00 0.0000000000e+00 0.0000000000e+00
1.2180000000e+00 0.0000000000e+00 0.0000000000e+00
1.2200000000e+00 0.0000000000e+00 0.0000000000e+00
1.2220000000e+00 0.0000000000e+00 0.0000000000e+00
1.2240000000e+00 0.0000000000e+00 0.0000000000e+00
1.2260000000e+00 0.0000000000e+00 0.0000000000e+00
1.2280000000e+00 0.0000000000e+00 0.0000000000e+00
1.2300000000e+00 0.0000000000e+00 0.0000000000e+00
1.2320000000e+00 0.0000000000e+00 0.0000000000e+00
1.2340000000e+00 0.0000000000e+00 0.0000000000e+00
1.2360000000e+00 0.0000000000e+00 0.0000000000e+00
1.2380000000e+00 0.0000000000e+00 0.0000000000e+00
1.2400000000e+00 0.0000000000e+00 0.0000000000e+00
1.2420000000e+00 0.0000000000e+00 0.0000000000e+00
1.2440000000e+00 0.0000000000e+00 0.0000000000e+00
1.2460000000e+00 0.0000000000e+00 0.0000000000e+00
1.2480000000e+00 0.0000000000e+00 0.0000000000e+00
1.2500000000e+00 0.0000000000e+00 0.0000000000e+00
1.2520000000e+00 0.0000000000e+00 0.0000000000e+00
1.2540000000e+00 0.0000000000e+00 0.0000000000e+00
1.2560000000e+00 0.0000000000e+00 0.0000000000e+00
1.2580000000e+00 0.0000000000e+00 0.0000000000e+00
1.2600000000e+00 0.0000000000e+00 0.0000000000e+00
1.2620000000e+00 0.0000000000e+00 0.0000000000e+00
1.2640000000e+00 0.0000000000e+00 0.0000000000e+00
1.2660000000e+00 0.0000000000e+00 0.0000000000e+00
1.2680000000e+00 0.0000000000e+00 0.0000000000e+00
1.2700000000e+00 0.0000000000e+00 0.0000000000e+00
1.2720000000e+00 0.0000000000e+00 0.0000000000e+00
1.2740000000e+00 0.0000000000e+00 0.0000000000e+00
1.2760000000e+00 0.0000000000e+00 0.0000000000e+00
1.2780000000e+00 0.0000000000e+00 0.0000000000e+00
1.2800000000e+00 0.0000000000e+00 0.0000000000e+00
1.2820000000e+00 0.0000000000e+00 0.0000000000e+00
1.2840000000e+00 0.0000000000e+00 0.0000000000e+00
1.2860000000e+00 0.0000000000e+00 0.0000000000e+00
1.2880000000e+00 0.0000000000e+00 0.0000000000e+00
1.2900000000e+00 0.0000000000e+00 0.0000000000e+00
1.2920000000e+00 0.0000000000e+00 0.0000000000e+00
1.2940000000e+00 0.0000000000e+00 0.0000000000e+00
1.2960000000e+00 0.0000000000e+00 0.0000000000e+00
1.2980000000e+00 0.0000000000e+00 0.0000000000e+00
1.3000000000e+00 0.0000000000e+00 0.0000000000e+00
1.3020000000e+00 0.0000000000e+00 0.0000000000e+00
1.3040000000e+00 0.0000000000e+00 0.0000000000e+00
1.3060000000e+00 0.0000000000e+00 0.0000000000e+00
1.3080000000e+00 0.0000000000e+00 0.0000000000e+00
1.3100000000e+00 0.0000000000e+00 0.0000000000e+00
1.3120000000e+00 0.0000000000e+00 0.0000000000e+00
1.3140000000e+00 0.0000000000e+00 0.0000000000e+00
1.3160000000e+00 0.0000000000e+00 0.0000000000e+00
1.3180000000e+00 0.0000000000e+00 0.0000000000e+00
1.3200000000e+00 0.0000000000e+00 0.0000000000e+00
1.3220000000e+00 0.0000000000e+00 0.0000000000e+00
1.3240000000e+00 0.0000000000e+00 0.0000000000e+00
1.3260000000e+00 0.0000000000e+00 0.0000000000e+00
1.3280000000e+00 0.0000000000e+00 0.0000000000e+00
1.3300000000e+00 0.0000000000e+00 0.0000000000e+00
1.3320000000e+00 0.0000000000e+00 0.0000000000e+00
1.3340000000e+00 0.0000000000e+00 0.0000000000e+00
1.3360000000e+00 0.0000000000e+00 0.0000000000e+00
1.3380000000e+00 0.0000000000e+00 0.0000000000e+00
1.3400000000e+00 0.0000000000e+00 0.0000000000e+00
1.3420000000e+00 0.0000000000e+00 0.0000000000e+00
1.3440000000e+00 0.0000000000e+00 0.0000000000e+00
1.3460000000e+00 0.0000000000e+00 0.0000000000e+00
1.3480000000e+00 0.0000000000e+00 0.0000000000e+00
1.3500000000e+00 0.0000000000e+00 0.0000000000e+00
1.3520000000e+00 0.0000000000e+00 0.0000000000e+00
1.3540000000e+00 0.0000000000e+00 0.0000000000e+00
1.3560000000e+00 0.0000000000e+00 0.0000000000e+00
1.3580000000e+00 0.0000000000e+00 0.0000000000e+00
1.3600000000e+00 0.0000000000e+00 0.0000000000e+00
1.3620000000e+00 0.0000000000e+00 0.0000000000e+00
1.3640000000e+00 0.0000000000e+00 0.0000000000e+00
1.3660000000e+00 0.0000000000e+00 0.0000000000e+00
1.3680000000e+00 0.0000000000e+00 0.0000000000e+00
1.3700000000e+00 0.0000000000e+00 0.0000000000e+00
1.3720000000e+00 0.0000000000e+00 0.0000000000e+00
1.3740000000e+00 0.0000000000e+00 0.0000000000e+00
1.3760000000e+00 0.0000000000e+00 0.0000000000e+00
1.3780000000e+00 0.0000000000e+00 0.0000000000e+00
1.3800000000e+00 0.0000000000e+00 0.0000000000e+00
1.3820000000e+00 0.0000000000e+00 0.0000000000e+00
1.3840000000e+00 0.0000000000e+00 0.0000000000e+00
1.3860000000e+00 0.0000000000e+00 0.0000000000e+00
1.3880000000e+00 0.0000000000e+00 0.0000000000e+00
1.3900000000e+00 0.0000000000e+00 0.0000000000e+00
1.3920000000e+00 0.0000000000e+00 0.0000000000e+00
1.3940000000e+00 0.0000000000e+00 0.0000000000e+00
1.3960000000e+00 0.0000000000e+00 0.0000000000e+00
1.3980000000e+00 0.0000000000e+00 0.0000000000e+00
1.4000000000e+00 0.0000000000e+00 0.0000000000e+00
1.4020000000e+00 0.0000000000e+00 0.0000000000e+00
1.4040000000e+00 0.0000000000e+00 0.0000000000e+00
1.4060000000e+00 0.0000000000e+00 0.0000000000e+00
1.4080000000e+00 0.0000000000e+00 0.0000000000e+00
1.4100000000e+00 0.0000000000e+00 0.0000000000e+00
1.4120000000e+00 0.0000000000e+00 0.0000000000e+00
1.4140000000e+00 0.0000000000e+00 0.0000000000e+00
1.4160000000e+00 0.0000000000e+00 0.0000000000e+00
1.4180000000e+00 0.0000000000e+00 0.0000000000e+00
1.4200000000e+00 0.0000000000e+00 0.0000000000e+00
1.4220000000e+00 0.0000000000e+00 0.0000000000e+00
1.4240000000e+00 0.0000000000e+00 0.0000000000e+00
1.4260000000e+00 0.0000000000e+00 0.0000000000e+00
1.4280000000e+00 0.0000000000e+00 0.0000000000e+00
1.4300000000e+00 0.0000000000e+00 0.0000000000e+00
1.4320000000e+00 0.0000000000e+00 0.0000000000e+00
1.4340000000e+00 0.0000000000e+00 0.0000000000e+00
1.4360000000e+00 0.0000000000e+00 0.0000000000e+00
1.4380000000e+00 0.0000000000e+00 0.0000000000e+00
1.4400000000e+00 0.0000000000e+00 0.0000000000e+00
1.4420000000e+00 0.0000000000e+00 0.0000000000e+00
1.4440000000e+00 0.0000000000e+00 0.0000000000e+00
1.4460000000e+00 0.0000000000e+00 0.0000000000e+00
1.4480000000e+00 0.0000000000e+00 0.0000000000e+00
1.4500000000e+00 0.0000000000e+00 0.0000000000e+00
1.4520000000e+00 0.0000000000e+00 0.0000000000e+00
1.4540000000e+00 0.0000000000e+00 0.0000000000e+00
1.4560000000e+00 0.0000000000e+00 0.0000000000e+00
1.4580000000e+00 0.0000000000e+00 0.0000000000e+00
1.4600000000e+00 0.0000000000e+00 0.0000000000e+00
1.4620000000e+00 0.0000000000e+00 0.0000000000e+00
1.4640000000e+00 0.0000000000e+00 0.0000000000e+00
1.4660000000e+00 0.0000000000e+00 0.0000000000e+00
1.4680000000e+00 0.0000000000e+00 0.0000000000e+00
1.4700000000e+00 0.0000000000e+00 0.0000000000e+00
1.4720000000e+00 0.0000000000e+00 0.0000000000e+00
1.4740000000e+00 0.0000000000e+00 0.0000000000e+00
1.4760000000e+00 0.0000000000e+00 0.0000000000e+00
1.4780000000e+00 0.0000000000e+00 0.0000000000e+00
1.4800000000e+00 0.0000000000e+00 0.0000000000e+00
1.4820000000e+00 0.0000000000e+00 0.0000000000e+00
1.4840000000e+00 0.0000000000e+00 0.0000000000e+00
1.4860000000e+00 0.0000000000e+00 0.0000000000e+00
1.4880000000e+00 0.0000000000e+00 0.0000000000e+00
1.4900000000e+00 0.0000000000e+00 0.0000000000e+00
1.4920000000e+00 0.0000000000e+00 0.0000000000e+00
1.4940000000e+00 0.0000000000e+00 0.0000000000e+00
1.4960000000e+00 0.0000000000e+00 0.0000000000e+00
1.4980000000e+00 0.0000000000e+00 0.0000000000e+00
1.5000000000e+00 0.0000000000e+00 0.0000000000e+00
1.5020000000e+00 0.0000000000e+00 0.0000000000e+00
1.5040000000e+00 0.0000000000e+00 0.0000000000e+00
1.5060000000e+00 0.0000000000e+00 0.0000000000e+00
1.5080000000e+00 0.0000000000e+00 0.0000000000e+00
1.5100000000e+00 0.0000000000e+00 0.0000000000e+00
1.5120000000e+00 0.0000000000e+00 0.0000000000e+00
1.5140000000e+00 0.0000000000e+00 0.0000000000e+00
1.5160000000e+00 0.0000000000e+00 0.0000000000e+00
1.5180000000e+00 0.0000000000e+00 0.0000000000e+00
1.5200000000e+00 0.0000000000e+00 0.0000000000e+00
1.5220000000e+00 0.0000000000e+00 0.0000000000e+00
1.5240000000e+00 0.0000000000e+00 0.0000000000e+00
1.5260000000e+00 0.0000000000e+00 0.0000000000e+00
1.5280000000e+00 0.0000000000e+00 0.0000000000e+00
1.5300000000e+00 0.0000000000e+00 0.0000000000e+00
1.5320000000e+00 0.0000000000e+00 0.0000000000e+00
1.5340000000e+00 0.0000000000e+00 0.0000000000e+00
1.5360000000e+00 0.0000000000e+00 0.0000000000e+00
1.5380000000e+00 0.0000000000e+00 0.0000000000e+00
1.5400000000e+00 0.0000000000e+00 0.0000000000e+00
1.5420000000e+00 0.0000000000e+00 0.0000000000e+00
1.5440000000e+00 0.0000000000e+00 0.0000000000e+00
1.5460000000e+00 0.0000000000e+00 0.0000000000e+00
1.5480000000e+00 0.0000000000e+00 0.0000000000e+00
1.5500000000e+00 0.0000000000e+00 0.0000000000e+00
1.5520000000e+00 0.0000000000e+00 0.0000000000e+00
1.5540000000e+00 0.0000000000e+00 0.0000000000e+00
1.5560000000e+00 0.0000000000e+00 0.0000000000e+00
1.5580000000e+00 0.0000000000e+00 0.0000000000e+00
1.5600000000e+00 0.0000000000e+00 0.0000000000e+00
1.5620000000e+00 0.0000000000e+00 0.0000000000e+00
1.5640000000e+00 0.0000000000e+00 0.0000000000e+00
1.5660000000e+00 0.0000000000e+00 0.0000000000e+00
1.5680000000e+00 0.0000000000e+00 0.0000000000e+00
1.5700000000e+00 0.0000000000e+00 0.0000000000e+00
1.5720000000e+00 0.0000000000e+00 0.0000000000e+00
1.5740000000e+00 0.0000000000e+00 0.0000000000e+00
1.5760000000e+00 0.0000000000e+00 0.0000000000e+00
1.5780000000e+00 0.0000000000e+00 0.0000000000e+00
1.5800000000e+00 0.0000000000e+00 0.0000000000e+00
1.5820000000e+00 0.0000000000e+00 0.0000000000e+00
1.5840000000e+00 0.0000000000e+00 0.0000000000e+00
1.5860000000e+00 0.0000000000e+00 0.0000000000e+00
1.5880000000e+00 0.0000000000e+00 0.0000000000e+00
1.5900000000e+00 0.0000000000e+00 0.0000000000e+00
1.5920000000e+00 0.0000000000e+00 0.0000000000e+00
1.5940000000e+00 0.0000000000e+00 0.0000000000e+00
1.5960000000e+00 0.0000000000e+00 0.0000000000e+00
1.5980000000e+00 0.0000000000e+00 0.0000000000e+00
1.6000000000e+00 0.0000000000e+00 0.0000000000e+00
1.6020000000e+00 0.0000000000e+00 0.0000000000e+00
1.6040000000e+00 0.0000000000e+00 0.0000000000e+00
1.6060000000e+00 0.0000000000e+00 0.0000000000e+00
1.6080000000e+00 0.0000000000e+00 0.0000000000e+00
1.6100000000e+00 0.0000000000e+00 0.0000000000e+00
1.6120000000e+00 0.0000000000e+00 0.0000000000e+00
1.6140000000e+00 0.0000000000e+00 0.0000000000e+00
1.6160000000e+00 0.0000000000e+00 0.0000000000e+00
1.6180000000e+00 0.0000000000e+00 0.0000000000e+00
1.6200000000e+00 0.0000000000e+00 0.0000000000e+00
1.6220000000e+00 0.0000000000e+00 0.0000000000e+00
1.6240000000e+00 0.0000000000e+00 0.0000000000e+00
1.6260000000e+00 0.0000000000e+00 0.0000000000e+00
1.6280000000e+00 0.0000000000e+00 0.0000000000e+00
1.6300000000e+00 0.0000000000e+00 0.0000000000e+00
1.6320000000e+00 0.0000000000e+00 0.0000000000e+00
1.6340000000e+00 0.0000000000e+00 0.0000000000e+00
1.6360000000e+00 0.0000000000e+00 0.0000000000e+00
1.6380000000e+00 0.0000000000e+00 0.0000000000e+00
1.6400000000e+00 0.0000000000e+00 0.0000000000e+00
1.6420000000e+00 0.0000000000e+00 0.0000000000e+00
1.6440000000e+00 0.0000000000e+00 0.0000000000e+00
1.6460000000e+00 0.0000000000e+00 0.0000000000e+00
1.6480000000e+00 0.0000000000e+00 0.0000000000e+00
1.6500000000e+00 0.0000000000e+00 0.0000000000e+00
1.6520000000e+00 0.0000000000e+00 0.0000000000e+00
1.6540000000e+00 0.0000000000e+00 0.0000000000e+00
1.6560000000e+00 0.0000000000e+00 0.0000000000e+00
1.6580000000e+00 0.0000000000e+00 0.0000000000e+00
1.6600000000e+00 0.0000000000e+00 0.0000000000e+00
1.6620000000e+00 0.0000000000e+00 0.0000000000e+00
1.6640000000e+00 0.0000000000e+00 0.0000000000e+00
1.6660000000e+00 0.0000000000e+00 0.0000000000e+00
1.6680000000e+00 0.0000000000e+00 0.0000000000e+00
1.6700000000e+00 0.0000000000e+00 0.0000000000e+00
1.6720000000e+00 0.0000000000e+00 0.0000000000e+00
1.6740000000e+00 0.0000000000e+00 0.0000000000e+00
1.6760000000e+00 0.0000000000e+00 0.0000000000e+00
1.6780000000e+00 0.0000000000e+00 0.0000000000e+00
1.6800000000e+00 0.0000000000e+00 0.0000000000e+00
1.6820000000e+00 0.0000000000e+00 0.0000000000e+00
1.6840000000e+00 0.0000000000e+00 0.0000000000e+00
1.6860000000e+00 0.0000000000e+00 0.0000000000e+00
1.6880000000e+00 0.0000000000e+00 0.0000000000e+00
1.6900000000e+00 0.0000000000e+00 0.0000000000e+00
1.6920000000e+00 0.0000000000e+00 0.0000000000e+00
1.6940000000e+00 0.0000000000e+00 0.0000000000e+00
1.6960000000e+00 0.0000000000e+00 0.0000000000e+00
1.6980000000e+00 0.0000000000e+00 0.0000000000e+00
1.7000000000e+00 0.0000000000e+00 0.0000000000e+00
1.7020000000e+00 0.0000000000e+00 0.0000000000e+00
1.7040000000e+00 0.0000000000e+00 0.0000000000e+00
1.7060000000e+00 0.0000000000e+00 0.0000000000e+00
1.7080000000e+00 0.0000000000e+00 0.0000000000e+00
1.7100000000e+00 0.0000000000e+00 0.0000000000e+00
1.7120000000e+00 0.0000000000e+00 0.0000000000e+00
1.7140000000e+00 0.0000000000e+00 0.0000000000e+00
1.7160000000e+00 0.0000000000e+00 0.0000000000e+00
1.7180000000e+00 0.0000000000e+00 0.0000000000e+00
1.7200000000e+00 0.0000000000e+00 0.0000000000e+00
1.7220000000e+00 0.0000000000e+00 0.0000000000e+00
1.7240000000e+00 0.0000000000e+00 0.0000000000e+00
1.7260000000e+00 0.0000000000e+00 0.0000000000e+00
1.7280000000e+00 0.0000000000e+00 0.0000000000e+00
1.7300000000e+00 0.0000000000e+00 0.0000000000e+00
1.7320000000e+00 0.0000000000e+00 0.0000000000e+00
1.7340000000e+00 0.0000000000e+00 0.0000000000e+00
1.7360000000e+00 0.0000000000e+00 0.0000000000e+00
1.7380000000e+00 0.0000000000e+00 0.0000000000e+00
1.7400000000e+00 0.0000000000e+00 0.0000000000e+00
1.7420000000e+00 0.0000000000e+00 0.0000000000e+00
1.7440000000e+00 0.0000000000e+00 0.0000000000e+00
1.7460000000e+00 0.0000000000e+00 0.0000000000e+00
1.7480000000e+00 0.0000000000e+00 0.0000000000e+00
1.7500000000e+00 0.0000000000e+00 0.0000000000e+00
1.7520000000e+00 0.0000000000e+00 0.0000000000e+00
1.7540000000e+00 0.0000000000e+00 0.0000000000e+00
1.7560000000e+00 0.0000000000e+00 0.0000000000e+00
1.7580000000e+00 0.0000000000e+00 0.0000000000e+00
1.7600000000e+00 0.0000000000e+00 0.0000000000e+00
1.7620000000e+00 0.0000000000e+00 0.0000000000e+00
1.7640000000e+00 0.0000000000e+00 0.0000000000e+00
1.7660000000e+00 0.0000000000e+00 0.0000000000e+00
1.7680000000e+00 0.0000000000e+00 0.0000000000e+00
1.7700000000e+00 0.0000000000e+00 0.0000000000e+00
1.7720000000e+00 0.0000000000e+00 0.0000000000e+00
1.7740000000e+00 0.0000000000e+00 0.0000000000e+00
1.7760000000e+00 0.0000000000e+00 0.0000000000e+00
1.7780000000e+00 0.0000000000e+00 0.0000000000e+00
1.7800000000e+00 0.0000000000e+00 0.0000000000e+00
1.7820000000e+00 0.0000000000e+00 0.0000000000e+00
1.7840000000e+00 0.0000000000e+00 0.0000000000e+00
1.7860000000e+00 0.0000000000e+00 0.0000000000e+00
1.7880000000e+00 0.0000000000e+00 0.0000000000e+00
1.7900000000e+00 0.0000000000e+00 0.0000000000e+00
1.7920000000e+00 0.0000000000e+00 0.0000000000e+00
1.7940000000e+00 0.0000000000e+00 0.0000000000e+00
1.7960000000e+00 0.0000000000e+00 0.0000000000e+00
1.7980000000e+00 0.0000000000e+00 0.0000000000e+00
1.8000000000e+00 0.0000000000e+00 0.0000000000e+00
1.8020000000e+00 0.0000000000e+00 0.0000000000e+00
1.8040000000e+00 0.0000000000e+00 0.0000000000e+00
1.8060000000e+00 0.0000000000e+00 0.0000000000e+00
1.8080000000e+00 0.0000000000e+00 0.0000000000e+00
1.8100000000e+00 0.0000000000e+00 0.0000000000e+00
1.8120000000e+00 0.0000000000e+00 0.0000000000e+00
1.8140000000e+00 0.0000000000e+00 0.0000000000e+00
1.8160000000e+00 0.0000000000e+00 0.0000000000e+00
1.8180000000e+00 0.0000000000e+00 0.0000000000e+00
1.8200000000e+00 0.0000000000e+00 0.0000000000e+00
1.8220000000e+00 0.0000000000e+00 0.0000000000e+00
1.8240000000e+00 0.0000000000e+00 0.0000000000e+00
1.8260000000e+00 0.0000000000e+00 0.0000000000e+00
1.8280000000e+00 0.0000000000e+00 0.0000000000e+00
1.8300000000e+00 0.0000000000e+00 0.0000000000e+00
1.8320000000e+00 0.0000000000e+00 0.0000000000e+00
1.8340000000e+00 0.0000000000e+00 0.0000000000e+00
1.8360000000e+00 0.0000000000e+00 0.0000000000e+00
1.8380000000e+00 0.0000000000e+00 0.0000000000e+00
1.8400000000e+00 0.0000000000e+00 0.0000000000e+00
1.8420000000e+00 0.0000000000e+00 0.0000000000e+00
1.8440000000e+00 0.0000000000e+00 0.0000000000e+00
1.8460000000e+00 0.0000000000e+00 0.0000000000e+00
1.8480000000e+00 0.0000000000e+00 0.0000000000e+00
1.8500000000e+00 0.0000000000e+00 0.0000000000e+00
1.8520000000e+00 0.0000000000e+00 0.0000000000e+00
1.8540000000e+00 0.0000000000e+00 0.0000000000e+00
1.8560000000e+00 0.0000000000e+00 0.0000000000e+00
1.8580000000e+00 0.0000000000e+00 0.0000000000e+00
1.8600000000e+00 0.0000000000e+00 0.0000000000e+00
1.8620000000e+00 0.0000000000e+00 0.0000000000e+00
1.8640000000e+00 0.0000000000e+00 0.0000000000e+00
1.8660000000e+00 0.0000000000e+00 0.0000000000e+00
1.8680000000e+00 0.0000000000e+00 0.0000000000e+00
1.8700000000e+00 0.0000000000e+00 0.0000000000e+00
1.8720000000e+00 0.0000000000e+00 0.0000000000e+00
1.8740000000e+00 0.0000000000e+00 0.0000000000e+00
1.8760000000e+00 0.0000000000e+00 0.0000000000e+00
1.8780000000e+00 0.0000000000e+00 0.0000000000e+00
1.8800000000e+00 0.0000000000e+00 0.0000000000e+00
1.8820000000e+00 0.0000000000e+00 0.0000000000e+00
1.8840000000e+00 0.0000000000e+00 0.0000000000e+00
1.8860000000e+00 0.0000000000e+00 0.0000000000e+00
1.8880000000e+00 0.0000000000e+00 0.0000000000e+00
1.8900000000e+00 0.0000000000e+00 0.0000000000e+00
1.8920000000e+00 0.0000000000e+00 0.0000000000e+00
1.8940000000e+00 0.0000000000e+00 0.0000000000e+00
1.8960000000e+00 0.0000000000e+00 0.0000000000e+00
1.8980000000e+00 0.0000000000e+00 0.0000000000e+00
1.9000000000e+00 0.0000000000e+00 0.0000000000e+00
1.9020000000e+00 0.0000000000e+00 0.0000000000e+00
1.9040000000e+00 0.0000000000e+00 0.0000000000e+00
1.9060000000e+00 0.0000000000e+00 0.0000000000e+00
1.9080000000e+00 0.0000000000e+00 0.0000000000e+00
1.9100000000e+00 0.0000000000e+00 0.0000000000e+00
1.9120000000e+00 0.0000000000e+00 0.0000000000e+00
1.9140000000e+00 0.0000000000e+00 0.0000000000e+00
1.9160000000e+00 0.0000000000e+00 0.0000000000e+00
1.9180000000e+00 0.0000000000e+00 0.0000000000e+00
1.9200000000e+00 0.0000000000e+00 0.0000000000e+00
1.9220000000e+00 0.0000000000e+00 0.0000000000e+00
1.9240000000e+00 0.0000000000e+00 0.0000000000e+00
1.9260000000e+00 0.0000000000e+00 0.0000000000e+00
1.9280000000e+00 0.0000000000e+00 0.0000000000e+00
1.9300000000e+00 0.0000000000e+00 0.0000000000e+00
1.9320000000e+00 0.0000000000e+00 0.0000000000e+00
1.9340000000e+00 0.0000000000e+00 0.0000000000e+00
1.9360000000e+00 0.0000000000e+00 0.0000000000e+00
1.9380000000e+00 0.0000000000e+00 0.0000000000e+00
1.9400000000e+00 0.0000000000e+00 0.0000000000e+00
1.9420000000e+00 0.0000000000e+00 0.0000000000e+00
1.9440000000e+00 0.0000000000e+00 0.0000000000e+00
1.9460000000e+00 0.0000000000e+00 0.0000000000e+00
1.9480000000e+00 0.0000000000e+00 0.0000000000e+00
1.9500000000e+00 0.0000000000e+00 0.0000000000e+00
1.9520000000e+00 0.0000000000e+00 0.0000000000e+00
1.9540000000e+00 0.0000000000e+00 0.0000000000e+00
1.9560000000e+00 0.0000000000e+00 0.0000000000e+00
1.9580000000e+00 0.0000000000e+00 0.0000000000e+00
1.9600000000e+00 0.0000000000e+00 0.0000000000e+00
1.9620000000e+00 0.0000000000e+00 0.0000000000e+00
1.9640000000e+00 0.0000000000e+00 0.0000000000e+00
1.9660000000e+00 0.0000000000e+00 0.0000000000e+00
1.9680000000e+00 0.0000000000e+00 0.0000000000e+00
1.9700000000e+00 0.0000000000e+00 0.0000000000e+00
1.9720000000e+00 0.0000000000e+00 0.0000000000e+00
1.9740000000e+00 0.0000000000e+00 0.0000000000e+00
1.9760000000e+00 0.0000000000e+00 0.0000000000e+00
1.9780000000e+00 0.0000000000e+00 0.0000000000e+00
1.9800000000e+00 0.0000000000e+00 0.0000000000e+00
1.9820000000e+00 0.0000000000e+00 0.0000000000e+00
1.9840000000e+00 0.0000000000e+00 0.0000000000e+00
1.9860000000e+00 0.0000000000e+00 0.0000000000e+00
1.9880000000e+00 0.0000000000e+00 0.0000000000e+00
1.9900000000e+00 0.0000000000e+00 0.0000000000e+00
1.9920000000e+00 0.0000000000e+00 0.0000000000e+00
1.9940000000e+00 0.0000000000e+00 0.0000000000e+00
1.9960000000e+00 0.0000000000e+00 0.0000000000e+00
1.9980000000e+00 0.0000000000e+00 0.0000000000e+00
2.0000000000e+00 0.0000000000e+00 0.0000000000e+00
