0 757.489 795.8199
0.001 756.6934902 795.1845
0.002 755.898631 794.5491
0.003 755.104392 793.8309
0.004 754.3109692 793.1681
0.005 753.5180558 792.7264
0.006 752.7255164 792.4271
0.007 751.9332016 792.14965
0.008 751.1412171 791.7606
0.009 750.3496804 791.1866
0.01 749.5588439 790.28115
0.011 748.7691181 789.63745
0.012 747.979569 789.5491
0.013 747.1900199 789.54765
0.014 746.4004737 788.7812
0.015 745.6124575 787.7591
0.016 744.8249555 787.67145
0.017 744.0371146 787.70815
0.018 743.2495392 787.0142
0.019 742.4630862 786.08755
0.02 741.6773641 785.5299
0.021 740.8920264 785.30965
0.022 740.1067448 784.77955
0.023 739.3224673 784.04845
0.024 738.5386479 783.8194
0.025 737.7548285 783.8194
0.026 736.9710091 783.34015
0.027 736.1881482 782.1993
0.028 735.4066105 781.5606
0.029 734.625027 781.4871
0.03 733.8436363 781.2037
0.031 733.0626196 780.63955
0.032 732.2823572 779.9436
0.033 731.5027324 779.53795
0.034 730.7232813 779.2288
0.035 729.9442748 778.6154
0.036 729.1660505 777.99245
0.037 728.3882899 777.64245
0.038 727.6107656 777.3938
0.039 726.8335023 777.0264
0.04 726.0567128 776.424
0.041 725.2806543 775.82375
0.042 724.5050653 775.4651
0.043 723.7297241 775.1137
0.044 722.9548379 774.49035
0.045 722.1807434 773.56925
0.046 721.4076994 772.9885
0.047 720.6347664 772.933
0.048 719.8618334 772.9259
0.049 719.0889146 772.47045
0.05 718.3168925 771.5428
0.051 717.545829 770.81895
0.052 716.7752546 770.48675
0.053 716.0048555 770.1716
0.054 715.2349114 769.45495
0.055 714.4659456 768.9317
0.056 713.697048 768.90275
0.057 712.9281401 768.73805
0.058 712.1595719 767.77315
0.059 711.3925938 766.85
0.06 710.6258719 766.6487
0.061 709.8592964 766.41985
0.062 709.0930322 765.9782
0.063 708.32734 765.3453
0.064 707.5623416 764.7822
0.065 706.7977756 764.44595
0.066 706.0334497 764.19515
0.067 705.2693853 763.84645
0.068 704.5057568 763.3363
0.069 703.7427127 762.50005
0.07 702.9807567 761.71485
0.071 702.219283 761.47365
0.072 701.4578094 761.47365
0.073 700.6963357 761.08005
0.074 699.9356493 759.97965
0.075 699.1763764 759.7126
0.076 698.4162241 759.5764
0.077 697.6572236 758.51815
0.078 696.8991878 758.03585
0.079 696.1411519 758.0359
0.08 695.383116 757.82325
0.081 694.6255054 757.02735
0.082 693.8690613 756.17795
0.083 693.1131495 755.70545
0.084 692.3576504 755.35315
0.085 691.6024432 755.0817
0.086 690.847487 754.7388
0.087 690.0929656 754.1704
0.088 689.3391462 753.5396
0.089 688.5858864 753.11535
0.09 687.8329155 752.84765
0.091 687.0801911 752.52165
0.092 686.3278722 752.0761
0.093 685.5760389 751.44695
0.094 684.8249783 750.6819
0.095 684.0746751 750.0754
0.096 683.3248275 749.6884
0.097 682.5752983 749.4078
0.098 681.8260119 749.10245
0.099 681.0770934 748.57465
0.1 680.3288626 747.95065
0.101 679.5811921 747.65705
0.102 678.8335485 747.2948
0.103 678.0866025 746.3655
0.104 677.3408175 745.68425
0.105 676.595234 745.5742
0.106 675.8496691 745.53925
0.107 675.1041555 745.21855
0.108 674.359232 744.27245
0.109 673.6156106 743.46925
0.11 672.8722935 743.3141
0.111 672.1289824 743.2093
0.112 671.3858749 742.6164
0.113 670.6437496 741.80565
0.114 669.9022636 741.2655
0.115 669.1612186 740.8087
0.116 668.4206462 740.4241
0.117 667.6803704 740.1245
0.118 666.9403972 739.7294
0.119 666.2009116 739.1666
0.12 665.462064 738.60045
0.121 664.7237107 738.2003
0.122 663.9856634 737.9992
0.123 663.2477123 737.5188
0.124 662.5106258 736.55455
0.125 661.7746032 735.93585
0.126 661.0387541 735.83465
0.127 660.3029339 735.7548
0.128 659.5672445 735.4007
0.129 658.8321325 734.62215
0.13 658.0980002 733.7231
0.131 657.3646863 733.16895
0.132 656.6316623 732.90005
0.133 655.8988862 732.62055
0.134 655.1664212 732.0479
0.135 654.4347904 731.4815
0.136 653.7034582 731.30765
0.137 652.9721751 731.2283
0.138 652.2410016 730.823
0.139 651.5105291 729.75965
0.14 650.7814823 728.77835
0.141 650.0529724 728.45745
0.142 649.3245674 728.37955
0.143 648.5962133 728.2961
0.144 647.8679752 727.73685
0.145 647.1407396 726.75125
0.146 646.4144727 726.18715
0.147 645.6883653 726.0913
0.148 644.9622901 726.0414
0.149 644.2362825 725.65025
0.15 643.5109896 724.68425
0.151 642.786914 723.95515
0.152 642.0630793 723.828
0.153 641.339258 723.68225
0.154 640.6157148 723.04
0.155 639.893178 722.2521
0.156 639.1712106 721.74055
0.157 638.4496969 721.28275
0.158 637.7286451 720.90525
0.159 637.0078864 720.601
0.16 636.2874431 720.1914
0.161 635.5675036 719.62505
0.162 634.848193 719.0705
0.163 634.1293626 718.68395
0.164 633.4108251 718.48705
0.165 632.6923885 717.94005
0.166 631.974945 716.9775
0.167 631.2584335 716.4387
0.168 630.5420676 716.34785
0.169 629.8257378 716.2905
0.17 629.1094866 715.8624
0.171 628.394013 714.8919
0.172 627.6797028 714.2023
0.173 626.9656084 714.0847
0.174 626.2515334 713.91525
0.175 625.5377779 713.25135
0.176 624.8250307 712.50185
0.177 624.1127742 711.98105
0.178 623.4010686 711.4404
0.179 622.6898934 711.175
0.18 621.9787186 711.1748
0.181 621.2675438 710.9163
0.182 620.556886 709.60935
0.183 619.8483251 708.99705
0.184 619.1388919 709.39105
0.185 618.429543 708.65825
0.186 617.7215754 707.7038
0.187 617.0141354 707.41475
0.188 616.3067459 707.19335
0.189 615.5997487 706.75165
0.19 614.8932426 706.46645
0.191 614.1868158 706.055
0.192 613.4811326 705.1196
0.193 612.7765766 704.4476
0.194 612.0722374 704.3225
0.195 611.3679316 704.246
0.196 610.6637454 703.9157
0.197 609.9601002 703.19535
0.198 609.2573547 702.273
0.199 608.5555542 701.6166
0.2 607.8541215 701.4327
0.201 607.1526888 701.43265
0.202 606.4512562 701.2443
0.203 605.7502002 700.2993
0.204 605.0506576 699.4062
0.205 604.3513878 699.15035
0.206 603.6523569 698.8712
0.207 602.9536454 698.47805
0.208 602.2554008 697.93255
0.209 601.5577803 697.3734
0.21 600.860654 696.9581
0.211 600.1638641 696.60365
0.212 599.4674467 696.2967
0.213 598.7712707 696.1074
0.214 598.0752319 695.47745
0.215 597.3803158 694.5218
0.216 596.6861883 694.08685
0.217 595.9921421 694.00605
0.218 595.2981762 693.65525
0.219 594.6048316 692.89315
0.22 593.9123899 692.2628
0.221 593.220306 691.7216
0.222 592.5289467 691.2384
0.223 591.8378292 691.1175
0.224 591.1467117 691.11745
0.225 590.4555943 690.4244
0.226 589.7658629 689.17415
0.227 589.077246 689.03315
0.228 588.3877966 689.33445
0.229 587.6985771 688.76165
0.23 587.0102733 687.677
0.231 586.3232231 686.83515
0.232 585.636603 686.91725
0.233 584.9493886 687.0286
0.234 584.2625458 686.16305
0.235 583.5770625 685.2845
0.236 582.8919768 685.04535
0.237 582.2069718 684.8624
0.238 581.522252 684.3909
0.239 580.83819 683.67115
0.24 580.1549097 683.1015
0.241 579.471987 682.83785
0.242 578.789234 682.62675
0.243 578.1067335 682.2114
0.244 577.4248112 681.6348
0.245 576.7434639 680.96445
0.246 576.0628823 680.24245
0.247 575.382979 679.84105
0.248 574.7032002 679.73975
0.249 574.0234995 679.55655
0.25 573.3440871 678.9267
0.251 572.6656461 678.06235
0.252 571.9879624 677.59555
0.253 571.310455 677.47095
0.254 570.6330205 677.3384
0.255 569.9557782 676.78865
0.256 569.2794432 675.9994
0.257 568.6037794 675.45265
0.258 567.9285379 674.98565
0.259 567.2538081 674.56415
0.26 566.5794096 674.2509
0.261 565.9053063 673.88585
0.262 565.2316379 673.36305
0.263 564.5585802 672.7896
0.264 563.8860587 672.3451
0.265 563.21389 672.08545
0.266 562.5418878 671.70695
0.267 561.8704761 670.80635
0.268 561.2002751 670.1497
0.269 560.5301767 670.39865
0.27 559.8594778 670.2067
0.271 559.1897633 669.16175
0.272 558.5211543 668.53945
0.273 557.8526844 668.3975
0.274 557.1843593 668.0935
0.275 556.5164974 667.55825
0.276 555.8492428 666.93475
0.277 555.1826279 666.1957
0.278 554.5168514 665.63875
0.279 553.8513504 665.4409
0.28 553.1859696 665.34045
0.281 552.5206695 665.21385
0.282 551.8555419 664.59755
0.283 551.1914744 663.6441
0.284 550.5282537 663.164
0.285 549.8651464 663.06955
0.286 549.2021146 662.76915
0.287 548.5396081 661.9986
0.288 547.8781174 661.23665
0.289 547.2171348 660.92505
0.29 546.5562673 660.82165
0.291 545.8954915 660.5815
0.292 545.2351043 659.89695
0.293 544.5756976 659.16355
0.294 543.9167772 658.68295
0.295 543.2583317 658.21375
0.296 542.6003497 657.83045
0.297 541.9426708 657.5161
0.298 541.2853175 657.1041
0.299 540.6284626 656.55015
0.3 539.9722172 656.00915
0.301 539.3164443 655.61295
0.302 538.6609913 655.3017
0.303 538.0058409 654.92545
0.304 537.3511404 654.3959
0.305 536.6970491 653.8289
0.306 536.0434826 653.3975
0.307 535.3902541 653.148
0.308 534.7371866 652.71915
0.309 534.0848158 651.79105
0.31 533.4336045 651.2441
0.311 532.7823276 651.52225
0.312 532.13056 651.19955
0.313 531.4799285 650.1389
0.314 530.8302822 649.60545
0.315 530.1807176 649.48155
0.316 529.5313191 649.1714
0.317 528.8823748 648.53105
0.318 528.234257 647.8324
0.319 527.58671 647.43685
0.32 526.9393833 647.23995
0.321 526.2922301 646.9487
0.322 525.6454859 646.42965
0.323 524.9993708 645.80825
0.324 524.3538694 645.0845
0.325 523.7092018 644.49775
0.326 523.0648739 644.26095
0.327 522.4206799 644.14915
0.328 521.7765756 644.0368
0.329 521.1326063 643.5066
0.33 520.4895624 642.56115
0.331 519.847484 641.99325
0.332 519.2055759 641.87955
0.333 518.5637249 641.6288
0.334 517.9223183 640.90605
0.335 517.2819128 640.11175
0.336 516.6420948 639.75015
0.337 516.0024125 639.63785
0.338 515.3628191 639.4416
0.339 514.7235293 638.81385
0.34 514.0851914 637.96985
0.341 513.4475896 637.50765
0.342 512.8101761 637.3719
0.343 512.1728458 637.22595
0.344 511.5357242 636.6748
0.345 510.8994962 635.9001
0.346 510.263924 635.365
0.347 509.6287662 634.894
0.348 508.994136 634.45675
0.349 508.3598527 634.1687
0.35 507.7257986 633.7528
0.351 507.0923471 633.171
0.352 506.4594566 632.83055
0.353 505.826686 632.7168
0.354 505.194023 632.43765
0.355 504.5618107 631.6908
0.356 503.9306414 630.8301
0.357 503.3001505 630.3558
0.358 502.6699298 630.1348
0.359 502.0398809 629.9261
0.36 501.4100776 629.49445
0.361 500.780892 628.7689
0.362 500.1525398 628.15585
0.363 499.5245803 627.8786
0.364 498.8967826 627.695
0.365 498.2691903 627.3352
0.366 497.6421122 626.6503
0.367 497.0158897 625.97375
0.368 496.3901647 625.749
0.369 495.7643917 625.46195
0.37 495.1392408 624.6099
0.371 494.5151719 624.0688
0.372 493.8911032 624.06875
0.373 493.2670344 623.8907
0.374 492.6433218 622.9751
0.375 492.0210842 622.33815
0.376 491.3986455 622.3407
0.377 490.7764028 621.80385
0.378 490.1550378 621.19475
0.379 489.5340133 621.07615
0.38 488.9128855 620.45305
0.381 488.2931072 619.6313
0.382 487.6736229 619.48425
0.383 487.0541387 619.4836
0.384 486.4346557 618.85895
0.385 485.8164208 617.9463
0.386 485.1987631 617.72945
0.387 484.5809619 617.60745
0.388 483.9635482 616.92535
0.389 483.3471112 616.11585
0.39 482.7313165 615.71425
0.391 482.1156827 615.58845
0.392 481.5001396 615.40955
0.393 480.8848636 614.8239
0.394 480.2704918 613.9829
0.395 479.6568978 613.48155
0.396 479.0435287 613.3236
0.397 478.4302506 613.1842
0.398 477.8171603 612.70625
0.399 477.2048381 611.87635
0.4 476.5934076 611.2704
0.401 475.9822973 611.0588
0.402 475.37129 610.93415
0.403 474.760429 610.56825
0.404 474.1501535 609.7909
0.405 473.5408472 609.0818
0.406 472.9319899 608.7959
0.407 472.3232554 608.67705
0.408 471.7146358 608.3918
0.409 471.1064718 607.69165
0.41 470.4992525 607.03125
0.411 469.8924093 606.5185
0.412 469.2862155 605.96225
0.413 468.6804848 605.73065
0.414 468.0747542 605.73065
0.415 467.4690235 605.3498
0.416 466.8640546 604.06325
0.417 466.260897 603.58465
0.418 465.6568853 603.96845
0.419 465.0529601 603.5069
0.42 464.4498715 602.667
0.421 463.8476261 602.09185
0.422 463.2456878 601.8875
0.423 462.6438511 601.75695
0.424 462.0421739 601.3374
0.425 461.4411763 600.5894
0.426 460.8409951 600.02185
0.427 460.2411326 599.47175
0.428 459.6420516 598.96745
0.429 459.0431977 598.8539
0.43 458.4443438 598.85385
0.431 457.84549 598.11405
0.432 457.2481157 596.9127
0.433 456.6516646 596.83115
0.434 456.0544534 597.03265
0.435 455.4575993 596.39665
0.436 454.8616601 595.58225
0.437 454.2664348 595.12605
0.438 453.671408 594.9797
0.439 453.0764754 594.81575
0.44 452.4817765 594.25415
0.441 451.8879671 593.49555
0.442 451.2947854 592.9776
0.443 450.7020119 592.50215
0.444 450.1097811 592.05035
0.445 449.5179112 591.7521
0.446 448.9262769 591.34535
0.447 448.3352205 590.7821
0.448 447.7447127 590.4446
0.449 447.1543313 590.31995
0.45 446.5640728 589.9869
0.451 445.9743575 589.26475
0.452 445.3855433 588.6483
0.453 444.7970609 588.12265
0.454 444.209298 587.57775
0.455 443.6219054 587.39255
0.456 443.0345129 587.39255
0.457 442.4471203 586.8847
0.458 441.8607435 585.6194
0.459 441.2758815 585.29195
0.46 440.6901596 585.6215
0.461 440.1046385 585.08125
0.462 439.5199971 584.24745
0.463 438.9361436 583.72405
0.464 438.352549 583.54415
0.465 437.7690553 583.3998
0.466 437.1857494 582.94635
0.467 436.6031626 582.13825
0.468 436.0214729 581.5144
0.469 435.4401338 581.2815
0.47 434.8589099 581.15005
0.471 434.2778337 580.78225
0.472 433.6973454 580.05215
0.473 433.1177294 579.4579
0.474 432.5384296 578.92485
0.475 431.9598797 578.3867
0.476 431.3816562 578.2235
0.477 430.8034327 578.2235
0.478 430.2252092 577.9025
0.479 429.6476277 576.89545
0.48 429.0714183 576.0703
0.481 428.4954871 575.9312
0.482 427.9195559 575.93125
0.483 427.3436246 575.72815
0.484 426.7680996 574.81835
0.485 426.1939879 574.1971
0.486 425.6197054 574.20325
0.487 425.0455814 573.7401
0.488 424.4722252 572.9231
0.489 423.8997352 572.32825
0.49 423.3275687 572.10985
0.491 422.7555155 571.97285
0.492 422.183623 571.59815
0.493 421.6123192 570.83245
0.494 421.0419581 570.1439
0.495 420.4720314 569.8412
0.496 419.9022757 569.69465
0.497 419.3326421 569.53795
0.498 418.7631998 569.19195
0.499 418.1942582 568.6195
0.5 417.6259608 567.9445
0.501 417.0583692 567.3774
0.502 416.491206 566.89525
0.503 415.9245787 566.40905
0.504 415.3583879 566.0551
0.505 414.7924685 565.7265
0.506 414.2269349 565.19375
0.507 413.662081 564.73855
0.508 413.0974578 564.58145
0.509 412.5329181 564.3781
0.51 411.9687016 563.7605
0.511 411.4053971 562.9509
0.512 410.8427998 562.49105
0.513 410.280415 562.3332
0.514 409.7181334 562.1659
0.515 409.1560832 561.64605
0.516 408.5948413 560.83035
0.517 408.0344225 560.2731
0.518 407.4742951 560.07155
0.519 406.9142794 559.9262
0.52 406.3544427 559.51415
0.521 405.7952511 558.7339
0.522 405.2369749 558.0814
0.523 404.6790883 557.79965
0.524 404.1213756 557.6502
0.525 403.5637879 557.5308
0.526 403.006314 557.14825
0.527 402.4494914 556.27575
0.528 401.8937625 555.5674
0.529 401.3383566 555.38415
0.53 400.7829942 555.1866
0.531 400.2279834 554.5472
0.532 399.6738998 553.7516
0.533 399.1204802 553.3143
0.534 398.5672712 553.13265
0.535 398.0142149 553.00435
0.536 397.4612625 552.8094
0.537 396.9085961 552.1333
0.538 396.3569959 551.25295
0.539 395.8060902 550.8374
0.54 395.2553211 550.72865
0.541 394.7046329 550.595
0.542 394.1541311 550.0457
0.543 393.6045415 549.14855
0.544 393.055834 548.60045
0.545 392.5073406 548.45835
0.546 391.9589173 548.2917
0.547 391.4107572 547.925
0.548 390.8630673 547.4469
0.549 390.3158634 546.9113
0.55 389.7692447 546.3899
0.551 389.2230836 546.0558
0.552 388.6771331 545.7614
0.553 388.1315608 544.9833
0.554 387.5871665 544.1984
0.555 387.043164 544.2181
0.556 386.4987303 544.37455
0.557 385.9544149 543.8855
0.558 385.4109593 542.8361
0.559 384.8687427 541.9713
0.56 384.3270167 541.9061
0.561 383.7849305 542.092
0.562 383.2428327 541.67365
0.563 382.7015832 540.9015
0.564 382.1610297 540.36175
0.565 381.6208597 539.89075
0.566 381.0812482 539.405
0.567 380.5420497 539.0704
0.568 380.0031074 538.7127
0.569 379.4646243 538.17745
0.57 378.9267525 537.78045
0.571 378.3890634 537.633
0.572 377.8514865 537.36485
0.573 377.3143337 536.6864
0.574 376.7781137 535.9209
0.575 376.2424919 535.5324
0.576 375.7070489 535.38635
0.577 375.1717192 535.1755
0.578 374.6366979 534.5807
0.579 374.1025578 533.7818
0.58 373.5691343 533.30415
0.581 373.0359495 533.1013
0.582 372.5029317 532.9606
0.583 371.9700283 532.7906
0.584 371.4373505 532.18875
0.585 370.9056508 531.3024
0.586 370.3747457 530.81335
0.587 369.8440241 530.68185
0.588 369.313382 530.56405
0.589 368.782896 530.0892
0.59 368.2532036 529.2088
0.591 367.7244784 528.58555
0.592 367.1960325 528.4093
0.593 366.6676598 528.3123
0.594 366.1394079 527.96285
0.595 365.6117341 527.09735
0.596 365.0852132 526.4042
0.597 364.5589257 526.48805
0.598 364.0322371 526.58995
0.599 363.5057458 526.02525
0.6 362.9801866 524.95085
0.601 362.4558441 524.16315
0.602 361.9318603 524.16355
0.603 361.407517 524.32835
0.604 360.8832036 523.92545
0.605 360.3596661 522.91825
0.606 359.8373671 521.99245
0.607 359.3156812 521.83225
0.608 358.7937026 522.03155
0.609 358.2716181 521.72425
0.61 357.7502541 520.9224
0.611 357.2297733 520.2801
0.612 356.7096939 520.0097
0.613 356.1897539 519.8633
0.614 355.6699673 519.53825
0.615 355.1506774 518.8269
0.616 354.6323135 518.1008
0.617 354.1144758 517.75555
0.618 353.5968024 517.61045
0.619 353.0792549 517.3627
0.62 352.562077 516.72495
0.621 352.045805 515.94945
0.622 351.5301781 515.51735
0.623 351.0147703 515.32555
0.624 350.499527 515.17965
0.625 349.984411 514.9439
0.626 349.4696392 514.3928
0.627 348.9556254 513.6744
0.628 348.4422904 513.2126
0.629 347.9292002 512.98765
0.63 347.4163151 512.69005
0.631 346.9038201 512.15635
0.632 346.3920024 511.5195
0.633 345.8807811 511.06665
0.634 345.3698691 510.80845
0.635 344.8591642 510.5572
0.636 344.3487547 510.12005
0.637 343.8389241 509.4926
0.638 343.3297695 508.97295
0.639 342.8209782 508.69525
0.64 342.312379 508.416
0.641 341.8041462 507.9806
0.642 341.2964178 507.5888
0.643 340.7889686 507.17535
0.644 340.2820671 506.5304
0.645 339.7759078 505.9894
0.646 339.2700883 505.73395
0.647 338.7644399 505.5314
0.648 338.2590255 505.1481
0.649 337.7541437 504.49935
0.65 337.2500268 503.90745
0.651 336.7463288 503.60905
0.652 336.2428087 503.406
0.653 335.7395168 503.0464
0.654 335.2367159 502.4332
0.655 334.7346504 501.8316
0.656 334.2330527 501.49145
0.657 333.7316675 501.2821
0.658 333.2304885 500.9711
0.659 332.7297253 500.418
0.66 332.2296525 499.7899
0.661 331.7301455 499.358
0.662 331.2309365 499.10275
0.663 330.73194 498.84025
0.664 330.233256 498.38565
0.665 329.7351687 497.7607
0.666 329.2377346 497.26065
0.667 328.7406474 496.98235
0.668 328.2437699 496.7248
0.669 327.7471978 496.2922
0.67 327.2511855 495.6783
0.671 326.7558412 495.1705
0.672 326.2608445 494.9029
0.673 325.7660354 494.67395
0.674 325.2714966 494.25965
0.675 324.7775161 493.6451
0.676 324.2842064 493.0937
0.677 323.7913287 492.74835
0.678 323.2987097 492.50565
0.679 322.8063174 492.2128
0.68 322.3142841 491.6588
0.681 321.8229998 490.99765
0.682 321.3322888 490.6099
0.683 320.84178 490.4237
0.684 320.3514414 490.1371
0.685 319.8615058 489.59495
0.686 319.3722515 488.9763
0.687 318.8835532 488.53615
0.688 318.3951792 488.26135
0.689 317.9070305 488.0078
0.69 317.4191636 487.59755
0.691 316.9318354 486.9888
0.692 316.445186 486.44685
0.693 315.9589417 486.13445
0.694 315.4729171 485.89855
0.695 314.9871446 485.53795
0.696 314.5018412 484.9599
0.697 314.0172248 484.3778
0.698 313.5330856 484.01795
0.699 313.0491889 483.78075
0.7 312.5655241 483.468
0.701 312.0822529 482.9259
0.702 311.5996723 482.31395
0.703 311.117625 481.92925
0.704 310.6358138 481.7098
0.705 310.1542054 481.42325
0.706 309.6729673 480.8985
0.707 309.1924084 480.26145
0.708 308.7124444 479.81835
0.709 308.2327717 479.57815
0.71 307.7532881 479.34885
0.711 307.274074 478.92005
0.712 306.795448 478.26535
0.713 306.3175433 477.7205
0.714 305.840007 477.4457
0.715 305.3626519 477.2347
0.716 304.8855376 476.86505
0.717 304.4089218 476.2624
0.718 303.9330128 475.6967
0.719 303.4575284 475.39025
0.72 302.9822323 475.16585
0.721 302.5071967 474.7728
0.722 302.0326867 474.1955
0.723 301.5588057 473.6651
0.724 301.0853565 473.3151
0.725 300.6121755 473.05425
0.726 300.139248 472.7282
0.727 299.6667191 472.21505
0.728 299.1948179 471.6294
0.729 298.7234603 471.2009
0.73 298.2524161 470.92975
0.731 297.7816008 470.6633
0.732 297.3110895 470.22875
0.733 296.8411433 469.62115
0.734 296.3718472 469.1036
0.735 295.9029361 468.79995
0.736 295.4342473 468.572
0.737 294.9657921 468.2249
0.738 294.4977975 467.62555
0.739 294.030541 467.03175
0.74 293.563734 466.71145
0.741 293.0971181 466.50515
0.742 292.6307237 466.17425
0.743 292.1647696 465.60685
0.744 291.69951 465.01485
0.745 291.2347399 464.65915
0.746 290.7701917 464.43785
0.747 290.3058642 464.11585
0.748 289.84196 463.5859
0.749 289.3786924 463.0061
0.75 288.9159478 462.59115
0.751 288.4535101 462.32145
0.752 287.9913049 462.05025
0.753 287.5294096 461.6007
0.754 287.0681035 460.98405
0.755 286.6074415 460.49765
0.756 286.1471082 460.23725
0.757 285.686967 460.00815
0.758 285.2270919 459.61115
0.759 284.7677447 459.0151
0.76 284.3090617 458.4687
0.761 283.8508073 458.1379
0.762 283.3927859 457.89075
0.763 282.9350258 457.53655
0.764 282.4777128 456.9998
0.765 282.0210262 456.45235
0.766 281.5648081 456.08575
0.767 281.1088547 455.8326
0.768 280.6531429 455.52435
0.769 280.197806 455.00675
0.77 279.7431294 454.4009
0.771 279.2890042 453.99215
0.772 278.8351451 453.759
0.773 278.3814862 453.49825
0.774 277.9281486 453.0307
0.775 277.4754248 452.4127
0.776 277.0233232 451.94665
0.777 276.5715315 451.6942
0.778 276.1199348 451.4312
0.779 275.6686691 450.98775
0.78 275.2179593 450.43515
0.781 274.7677988 449.9625
0.782 274.3180343 449.6279
0.783 273.868543 449.3192
0.784 273.4193959 448.9259
0.785 272.9706912 448.54175
0.786 272.5223124 448.14735
0.787 272.0743965 447.6034
0.788 271.6271056 447.0948
0.789 271.1802069 446.7778
0.79 270.73355 446.52505
0.791 270.2871568 446.1626
0.792 269.8412248 445.5887
0.793 269.3959794 445.0214
0.794 268.951182 444.6872
0.795 268.506605 444.46645
0.796 268.0622491 444.15635
0.797 267.6182923 443.6086
0.798 267.1750319 443.0079
0.799 266.7322765 442.65425
0.8 266.2897234 442.4524
0.801 265.8473717 442.12985
0.802 265.4054637 441.59215
0.803 264.9641874 441.0348
0.804 264.5233941 440.6337
0.805 264.08292 440.3488
0.806 263.6426965 440.07505
0.807 263.2027699 439.6531
0.808 262.7633903 439.05045
0.809 262.324669 438.541
0.81 261.8863083 438.26065
0.811 261.4481477 438.02805
0.812 261.0102522 437.65025
0.813 260.5728472 437.09845
0.814 260.1360553 436.5745
0.815 259.6996982 436.22875
0.816 259.2635978 435.97075
0.817 258.8277567 435.6339
0.818 258.39233 435.10965
0.819 257.9575374 434.54775
0.82 257.5232345 434.174
0.821 257.0891894 433.93045
0.822 256.6553736 433.63035
0.823 256.2219287 433.1392
0.824 255.7890952 432.55935
0.825 255.35681 432.13585
0.826 254.9248235 431.8766
0.827 254.4930568 431.6071
0.828 254.0616093 431.1654
0.829 253.630726 430.58045
0.83 253.2004484 430.1064
0.831 252.7705132 429.8278
0.832 252.3407928 429.5788
0.833 251.9113556 429.1816
0.834 251.4824296 428.6096
0.835 251.0541364 428.0943
0.836 250.626241 427.78265
0.837 250.1985711 427.543
0.838 249.771155 427.191
0.839 249.3441891 426.649
0.84 248.917857 426.10075
0.841 248.4919876 425.74375
0.842 248.0663695 425.4995
0.843 247.6409886 425.1855
0.844 247.2159985 424.6834
0.845 246.7916218 424.1159
0.846 246.3677667 423.7125
0.847 245.9441968 423.4578
0.848 245.5208511 423.1773
0.849 245.0978422 422.72175
0.85 244.6754076 422.14515
0.851 244.2535519 421.69065
0.852 243.8320263 421.41575
0.853 243.4107204 421.1605
0.854 242.9897053 420.7559
0.855 242.5692086 420.18435
0.856 242.1493366 419.6809
0.857 241.7298468 419.3793
0.858 241.310578 419.1373
0.859 240.8915722 418.77195
0.86 240.4730341 418.2296
0.861 240.055113 417.6975
0.862 239.6376391 417.34435
0.863 239.2204243 417.0913
0.864 238.8034565 416.7728
0.865 238.3868787 416.2742
0.866 237.9709081 415.71835
0.867 237.555442 415.329
0.868 237.1402501 415.0815
0.869 236.725279 414.8103
0.87 236.3106295 414.34355
0.871 235.8965919 413.73415
0.872 235.4831612 413.28965
0.873 235.0700126 413.05855
0.874 234.6570441 412.8126
0.875 234.2443874 412.3663
0.876 233.8323115 411.7773
0.877 233.4208328 411.301
0.878 233.0097095 411.0115
0.879 232.5988098 410.76715
0.88 232.1881752 410.3999
0.881 231.77801 409.8671
0.882 231.368441 409.34295
0.883 230.9593241 408.9762
0.884 230.5504886 408.7115
0.885 230.1419011 408.40585
0.886 229.7336769 407.9425
0.887 229.3260161 407.39995
0.888 228.918877 406.9887
0.889 228.5120387 406.71025
0.89 228.1054565 406.3987
0.891 227.6992413 405.95025
0.892 227.293556 405.43085
0.893 226.8883796 405.00945
0.894 226.4835371 404.71255
0.895 226.0789545 404.42535
0.896 225.6746864 404.00985
0.897 225.2709348 403.45295
0.898 224.8677805 402.97685
0.899 224.4649811 402.68885
0.9 224.0624028 402.44185
0.901 223.6600974 402.0664
0.902 223.25827 401.51995
0.903 222.8570575 401.00785
0.904 222.4562543 400.6902
0.905 222.0556771 400.44065
0.906 221.655373 400.06955
0.907 221.255538 399.5409
0.908 220.8562912 399.03535
0.909 220.4574673 398.6914
0.91 220.0589084 398.43995
0.911 219.6605874 398.14745
0.912 219.2626135 397.65835
0.913 218.8652707 397.0614
0.914 218.4684907 396.64485
0.915 218.071981 396.416
0.916 217.6756587 396.17435
0.917 217.2796323 395.73575
0.918 216.8841872 395.1306
0.919 216.4893711 394.65495
0.92 216.0948773 394.40115
0.921 215.7005688 394.18175
0.922 215.3065138 393.79895
0.923 214.9129709 393.20885
0.924 214.5200961 392.68075
0.925 214.1276094 392.3937
0.926 213.7353087 392.1723
0.927 213.3432648 391.8047
0.928 212.9516993 391.3728
0.929 212.5605192 390.9554
0.93 212.1697885 390.44345
0.931 211.7796323 389.97525
0.932 211.389838 389.67295
0.933 211.0002864 389.42015
0.934 210.6109977 389.0674
0.935 210.2221516 388.55515
0.936 209.8338874 388.0284
0.937 209.4460948 387.64115
0.938 209.0586051 387.36355
0.939 208.6713677 387.0722
0.94 208.2844607 386.6188
0.941 207.8981301 386.07045
0.942 207.5123198 385.6873
0.943 207.1267555 385.4612
0.944 206.7413974 385.176
0.945 206.3564035 384.69395
0.946 205.9720095 384.12325
0.947 205.588157 383.68505
0.948 205.2046394 383.40305
0.949 204.8213509 383.16115
0.95 204.4383171 382.7974
0.951 204.0557561 382.23195
0.952 203.6738532 381.71395
0.953 203.2923282 381.43405
0.954 202.9109851 381.20625
0.955 202.5299157 380.81385
0.956 202.1493574 380.27305
0.957 201.7693696 379.79175
0.958 201.3897739 379.4665
0.959 201.0104366 379.21065
0.96 200.6313526 378.88625
0.961 200.2526641 378.3945
0.962 199.8745636 377.8539
0.963 199.4969563 377.4658
0.964 199.119632 377.2057
0.965 198.7425449 376.90605
0.966 198.3658199 376.46415
0.967 197.9896166 375.9543
0.968 197.6139113 375.52685
0.969 197.2385629 375.2146
0.97 196.8634821 374.93805
0.971 196.4886868 374.5666
0.972 196.1143489 374.04305
0.973 195.7406007 373.55725
0.974 195.3672344 373.2514
0.975 194.9940979 372.99925
0.976 194.6212359 372.63265
0.977 194.2488326 372.0936
0.978 193.8770487 371.58495
0.979 193.5056627 371.278
0.98 193.1344927 371.0579
0.981 192.7635469 370.7415
0.982 192.3930097 370.2127
0.983 192.0231215 369.6416
0.984 191.6537265 369.2683
0.985 191.2845849 369.0438
0.986 190.9156389 368.79205
0.987 190.5470008 368.3475
0.988 190.1789439 367.7661
0.989 189.8114686 367.33375
0.99 189.4442764 367.09405
0.991 189.0772805 366.82025
0.992 188.7106359 366.36515
0.993 188.3445502 365.82785
0.994 187.9789802 365.4014
0.995 187.6137474 365.14205
0.996 187.2486961 364.79595
0.997 186.8841555 364.4091
0.998 186.5198779 364.26815
0.999 186.1556192 364.19865
1 185.7914806 363.2283
1.001 185.4291626 362.04225
1.002 185.0673961 362.6964
1.003 184.7037698 362.859
1.004 184.3416781 361.1565
1.005 183.9814568 360.95695
1.006 183.6197642 361.77245
1.007 183.2579119 360.69695
1.008 182.8983703 359.1727
1.009 182.5395665 358.62135
1.01 182.1811276 358.7317
1.011 181.8221031 359.64695
1.012 181.4618337 359.1158
1.013 181.1038715 357.46095
1.014 180.7469118 357.8083
1.015 180.3882549 358.30565
1.016 180.0303005 356.77155
1.017 179.6747118 356.0265
1.018 179.3182475 357.0001
1.019 178.9607116 356.35965
1.02 178.6055282 354.70445
1.021 178.2513027 355.13595
1.022 177.8952563 355.6398
1.023 177.5400231 354.0595
1.024 177.1871373 353.3536
1.025 176.8333159 354.31755
1.026 176.4785022 353.62605
1.027 176.1260638 352.0011
1.028 175.7745 352.4701
1.029 175.4211236 352.9254
1.03 175.0686492 351.36755
1.031 174.7183885 350.73875
1.032 174.3671717 351.6293
1.033 174.0151299 350.9105
1.034 173.6653507 349.3018
1.035 173.3165263 348.6247
1.036 172.9681013 348.55905
1.037 172.6194082 349.46275
1.038 172.2691758 349.32865
1.039 171.9207509 347.61245
1.04 171.5739509 347.57045
1.041 171.22561 348.31665
1.042 170.8773176 347.06705
1.043 170.5314759 345.95315
1.044 170.1854113 346.7718
1.045 169.8379323 346.5647
1.046 169.4922819 344.8827
1.047 169.1481669 344.89235
1.048 168.8024972 345.6142
1.049 168.4569385 344.34055
1.05 168.1138161 343.27275
1.051 167.770393 344.12915
1.052 167.4255578 343.88665
1.053 167.0826197 342.18055
1.054 166.7411967 342.26775
1.055 166.3980842 343.01355
1.056 166.0551696 341.6579
1.057 165.7147684 340.60325
1.058 165.3739631 341.50915
1.059 165.0317501 341.16685
1.06 164.6916294 339.5274
1.061 164.3526953 338.7383
1.062 164.0141528 338.54915
1.063 163.675597 339.28835
1.064 163.3355761 339.48015
1.065 162.9966367 337.8789
1.066 162.6598183 337.40795
1.067 162.3218208 338.29215
1.068 161.983234 337.3921
1.069 161.6470366 335.98205
1.07 161.3112699 336.59805
1.071 160.9738405 336.79725
1.072 160.6376754 335.18095
1.073 160.3034786 334.78195
1.074 159.9681115 335.60855
1.075 159.6322615 334.68435
1.076 159.2987428 333.34005
1.077 158.9655814 333.94305
1.078 158.6308567 334.0869
1.079 158.2974076 332.5069
1.08 157.9658429 332.16365
1.081 157.6330803 332.97105
1.082 157.2999008 332.01315
1.083 156.969054 330.7057
1.084 156.6384894 331.36915
1.085 156.3063157 331.41925
1.086 155.9756509 329.90975
1.087 155.6464962 328.91235
1.088 155.3178262 328.60245
1.089 154.9892913 329.1541
1.09 154.659518 329.59485
1.091 154.3301016 328.2576
1.092 154.0030028 327.40025
1.093 153.6753011 328.21615
1.094 153.3465705 327.734
1.095 153.0198331 326.20915
1.096 152.6941522 326.4957
1.097 152.3668417 327.0042
1.098 152.0401438 325.5735
1.099 151.7156947 324.77955
1.1 151.3905847 325.59255
1.101 151.0645096 325.059
1.102 150.7404667 323.55885
1.103 150.4173919 323.86515
1.104 150.0927364 324.29425
1.105 149.7688034 322.91455
1.106 149.4469073 322.1675
1.107 149.1244684 322.80645
1.108 148.8012944 322.27515
1.109 148.4799181 320.82825
1.11 148.1596379 321.6511
1.111 147.8366159 321.9875
1.112 147.5156629 319.9051
1.113 147.1968057 318.85715
1.114 146.8779486 318.85715
1.115 146.5590914 319.26945
1.116 146.2394097 319.9511
1.117 145.9191892 318.7438
1.118 145.6019221 317.31445
1.119 145.2845603 318.39705
1.12 144.965128 318.3983
1.121 144.6477637 316.5192
1.122 144.3320896 316.42335
1.123 144.014917 317.12315
1.124 143.6978433 315.98975
1.125 143.3829375 314.92715
1.126 143.067989 315.345
1.127 142.7522475 315.15765
1.128 142.4376737 314.03
1.129 142.1241875 313.91515
1.13 141.8098434 314.2952
1.131 141.4955971 313.43905
1.132 141.1829653 312.62845
1.133 140.8703402 313.0283
1.134 140.5569087 312.7653
1.135 140.2448096 311.2821
1.136 139.9343445 311.21945
1.137 139.6223707 311.9425
1.138 139.3104595 310.9635
1.139 139.0004437 309.5554
1.14 138.6913487 308.7524
1.141 138.3829389 308.95895
1.142 138.0734308 310.1064
1.143 137.7627261 309.2943
1.144 137.4548422 307.608
1.145 137.1475101 308.0949
1.146 136.8386524 308.37095
1.147 136.5307682 306.94855
1.148 136.2247553 306.5104
1.149 135.9177474 307.31895
1.15 135.6101174 306.58675
1.151 135.3045739 305.28985
1.152 134.9995377 305.79835
1.153 134.6929772 306.019
1.154 134.3874997 304.2443
1.155 134.0844886 303.778
1.156 133.7799437 304.9597
1.157 133.4745692 304.00445
1.158 133.1719348 302.4372
1.159 132.8696948 302.9734
1.16 132.565988 303.1685
1.161 132.2633578 301.7493
1.162 131.9624894 301.4969
1.163 131.660364 302.25215
1.164 131.3579851 300.93345
1.165 131.0584971 299.45825
1.166 130.7590686 299.42855
1.167 130.45964 299.49545
1.168 130.1600777 299.90115
1.169 129.8598377 299.5912
1.17 129.5608953 298.51235
1.171 129.262813 298.4908
1.172 128.9639137 298.7536
1.173 128.6653058 297.5346
1.174 128.3688445 296.6903
1.175 128.0719252 297.47955
1.176 127.7738854 297.0484
1.177 127.4778284 295.6593
1.178 127.1825668 295.6749
1.179 126.8864786 295.87995
1.18 126.5908069 294.94525
1.181 126.2965881 294.342
1.182 126.0021229 294.73245
1.183 125.7071232 294.353
1.184 125.4134169 293.329
1.185 125.1204652 293.35355
1.186 124.8267098 293.5662
1.187 124.5333328 292.3211
1.188 124.2420676 291.53715
1.189 123.9502585 292.29455
1.19 123.6574785 291.97655
1.191 123.3663054 290.5502
1.192 123.0763781 289.5426
1.193 122.7872202 289.2422
1.194 122.4978937 290.28725
1.195 122.2066457 290.35485
1.196 121.917184 288.57635
1.197 121.629493 288.315
1.198 121.340554 288.98625
1.199 121.0515205 288.2685
1.2 120.764017 287.4821
1.201 120.4765563 287.83405
1.202 120.1883489 287.5459
1.203 119.9014645 286.1671
1.204 119.6160147 285.78615
1.205 119.3298922 286.15035
1.206 119.043714 285.44455
1.207 118.7590031 284.6653
1.208 118.4743834 285.3077
1.209 118.1883877 285.13435
1.21 117.9041147 283.38265
1.211 117.6216224 283.15715
1.212 117.3378004 283.8112
1.213 117.054 283.06465
1.214 116.7716711 282.33515
1.215 116.4893297 282.67145
1.216 116.2063282 282.38865
1.217 115.9245524 281.0547
1.218 115.6442188 280.177
1.219 115.3641984 280.01005
1.22 115.0841987 280.3005
1.221 114.8035974 280.3179
1.222 114.5235629 279.3823
1.223 114.2448328 278.91705
1.224 113.9657288 279.257
1.225 113.6863188 278.7496
1.226 113.4082296 277.82825
1.227 113.1306623 277.928
1.228 112.8523736 277.9923
1.229 112.5746777 276.7103
1.23 112.298953 276.12955
1.231 112.0224186 276.85485
1.232 111.7452433 276.22875
1.233 111.4699611 275.0074
1.234 111.1952285 275.45655
1.235 110.919048 275.60125
1.236 110.644026 274.30305
1.237 110.3704419 273.79685
1.238 110.0964323 274.10415
1.239 109.8222336 273.5424
1.24 109.5493475 272.66485
1.241 109.2769039 272.81745
1.242 109.0037126 272.7871
1.243 108.7313297 271.571
1.244 108.4605706 270.55765
1.245 108.1902144 270.29795
1.246 107.9199747 270.7046
1.247 107.6488052 271.1405
1.248 107.3776937 270.1051
1.249 107.108595 269.2533
1.25 106.8391871 269.93625
1.251 106.5687225 269.5568
1.252 106.3000735 268.2506
1.253 106.0322213 268.1667
1.254 105.7637401 268.3239
1.255 105.4955735 267.5074
1.256 105.2287253 266.89125
1.257 104.961791 267.16995
1.258 104.6943854 266.85345
1.259 104.4280841 265.9158
1.26 104.1625538 265.8334
1.261 103.8964173 266.018
1.262 103.6305178 264.91355
1.263 103.3665902 264.09225
1.264 103.1023333 264.76225
1.265 102.8370657 264.33975
1.266 102.5736538 263.06745
1.267 102.3109308 263.0078
1.268 102.0476382 263.15445
1.269 101.7846219 262.4271
1.27 101.522784 261.5497
1.271 101.2615225 261.1865
1.272 101.000411 261.24175
1.273 100.739039 261.4536
1.274 100.4775038 260.6603
1.275 100.2177184 259.58127
1.276 99.95834126 260.34951
1.277 99.69701937 260.5121
1.278 99.43731705 258.86219
1.279 99.17929498 258.52022
1.28 98.92027662 259.10832
1.281 98.66107834 258.26817
1.282 98.40374027 257.23501
1.283 98.14660832 257.7147
1.284 97.88831086 257.66405
1.285 97.63128022 256.01402
1.286 97.37628282 255.82725
1.287 97.11962571 256.75814
1.288 96.86276654 255.88716
1.289 96.60785139 254.89187
1.29 96.3529828 255.06647
1.291 96.09771844 254.89429
1.292 95.84319422 253.62255
1.293 95.59047335 253.51688
1.294 95.33616047 254.44101
1.295 95.08159132 253.33521
1.296 94.82949005 252.09452
1.297 94.57740229 252.63291
1.298 94.32422422 252.53152
1.299 94.07233924 251.3087
1.3 93.82160682 250.52547
1.301 93.5712883 250.29976
1.302 93.32100731 250.44997
1.303 93.07038836 250.49211
1.304 92.82002308 249.67988
1.305 92.57102859 249.23986
1.306 92.32154336 249.84447
1.307 92.07133965 249.18847
1.308 91.82316643 247.66982
1.309 91.576 248.14127
1.31 91.32688389 248.59916
1.311 91.07880169 247.0888
1.312 90.83270629 246.42397
1.313 90.58595374 247.015
1.314 90.33867629 246.43652
1.315 90.09308071 245.29396
1.316 89.84808837 245.57504
1.317 89.60193063 245.79365
1.318 89.35650107 244.61866
1.319 89.11269331 244.16214
1.32 88.86817679 244.75843
1.321 88.62317644 244.05656
1.322 88.38006368 242.94854
1.323 88.13727937 242.98938
1.324 87.89408492 243.0072
1.325 87.65126497 242.2591
1.326 87.40956672 241.45435
1.327 87.16835628 241.16572
1.328 86.92723529 241.23693
1.329 86.68588241 241.34648
1.33 86.44454233 240.39949
1.331 86.20508343 239.55093
1.332 85.96544047 240.43229
1.333 85.72421885 240.22305
1.334 85.48499438 238.63883
1.335 85.24694119 238.57995
1.336 85.00783447 238.99085
1.337 84.76895948 238.00686
1.338 84.53182075 237.21359
1.339 84.2945323 237.72844
1.34 84.05636387 237.37212
1.341 83.81978806 235.80765
1.342 83.58474858 235.95202
1.343 83.34788403 236.62786
1.344 83.11149286 235.61712
1.345 82.87664978 234.89149
1.346 82.64170988 235.06604
1.347 82.4065177 234.71655
1.348 82.17227679 233.8965
1.349 81.9387247 233.72905
1.35 81.70481869 233.87892
1.351 81.47096685 233.3265
1.352 81.23816568 232.33642
1.353 81.006294 231.59169
1.354 80.77498231 231.63123
1.355 80.54303154 232.10788
1.356 80.31076655 231.40299
1.357 80.08022556 230.38398
1.358 79.84999858 230.74351
1.359 79.61873854 230.78049
1.36 79.3884376 229.60903
1.361 79.15952047 229.34992
1.362 78.92973777 229.83379
1.363 78.69985289 228.99385
1.364 78.47175007 228.03579
1.365 78.24378132 228.09359
1.366 78.01556289 228.01542
1.367 77.78775048 227.21616
1.368 77.56113057 227.01381
1.369 77.33372286 227.50578
1.37 77.10611901 226.49872
1.371 76.88072542 225.24866
1.372 76.65562169 225.61543
1.373 76.42949456 225.6173
1.374 76.20438708 224.81472
1.375 75.97986511 224.61509
1.376 75.7551569 224.70138
1.377 75.53046236 224.01954
1.378 75.30711781 222.85865
1.379 75.08474507 222.30696
1.38 74.86250389 222.40264
1.381 74.63993979 222.88743
1.382 74.41672902 222.45633
1.383 74.19502713 221.32835
1.384 73.97407232 221.46189
1.385 73.75210335 221.70726
1.386 73.5306578 220.66581
1.387 73.31077173 220.07703
1.388 73.09050374 220.56598
1.389 72.86963977 219.97342
1.39 72.6505569 218.53689
1.391 72.43256599 218.83976
1.392 72.21287737 219.34995
1.393 71.9938661 217.96621
1.394 71.77694496 217.32588
1.395 71.55921433 218.1841
1.396 71.34057675 217.61798
1.397 71.12397837 216.20533
1.398 70.90816608 216.65562
1.399 70.69066713 217.01044
1.4 70.4741452 215.61356
1.401 70.25944 214.9653
1.402 70.0442146 215.44006
1.403 69.82855989 214.95968
1.404 69.61429525 213.84641
1.405 69.40086708 213.27908
1.406 69.18773709 213.19516
1.407 68.97447677 213.64797
1.408 68.76044116 213.45544
1.409 68.54756588 212.32431
1.41 68.33579253 212.1976
1.411 68.12317069 212.57193
1.412 67.91064867 211.71994
1.413 67.69973081 210.91325
1.414 67.48882218 211.30692
1.415 67.27711697 211.04337
1.416 67.06673545 209.56659
1.417 66.85798379 209.49838
1.418 66.64773869 210.21907
1.419 66.43754566 209.09214
1.42 66.22955441 208.11592
1.421 66.02131383 208.87338
1.422 65.81180766 208.6916
1.423 65.60393063 207.21819
1.424 65.39737129 207.31076
1.425 65.18930912 207.91061
1.426 64.98155006 206.7313
1.427 64.77584653 205.8008
1.428 64.56994847 206.29721
1.429 64.36325211 205.79995
1.43 64.15834857 204.73749
1.431 63.95377714 204.57143
1.432 63.74920571 204.57165
1.433 63.54463384 204.59299
1.434 63.34001973 204.47867
1.435 63.1356765 203.44985
1.436 62.93312004 202.93023
1.437 62.72981603 203.40647
1.438 62.5263071 202.63915
1.439 62.32453772 201.73963
1.44 62.12282783 201.71932
1.441 61.92109909 201.63866
1.442 61.71955051 200.94909
1.443 61.51920091 200.70013
1.444 61.31815026 201.11941
1.445 61.11696209 200.32785
1.446 60.91749457 199.44773
1.447 60.71806663 199.46213
1.448 60.51857031 199.30728
1.449 60.31945206 198.62923
1.45 60.12131185 198.21447
1.451 59.92302312 198.27127
1.452 59.7247693 197.81715
1.453 59.52738882 197.18407
1.454 59.33040116 197.05909
1.455 59.13327064 197.05991
1.456 58.93628134 196.45267
1.457 58.7403653 195.5004
1.458 58.54528054 194.93101
1.459 58.35050327 195.13262
1.46 58.15501529 195.30202
1.461 57.95989923 194.37512
1.462 57.76626505 193.78405
1.463 57.57233112 194.18745
1.464 57.37789015 193.87932
1.465 57.18457249 193.22006
1.466 56.99145002 193.12965
1.467 56.7983132 193.06458
1.468 56.60532087 192.16784
1.469 56.41397751 191.42305
1.47 56.22247477 191.80531
1.471 56.03036689 191.32854
1.472 55.83981768 189.97601
1.473 55.65041488 190.17284
1.474 55.459472 190.6608
1.475 55.26909328 189.72001
1.476 55.08003198 189.25037
1.477 54.89059254 189.65774
1.478 54.70071651 189.06447
1.479 54.5124636 188.09914
1.48 54.32451823 187.95504
1.481 54.13655351 187.90041
1.482 53.94871742 187.38179
1.483 53.76178993 186.64203
1.484 53.57543335 186.31842
1.485 53.38915309 186.3021
1.486 53.20282915 186.21948
1.487 53.01671414 185.69223
1.488 52.83144468 185.14908
1.489 52.64641598 185.09981
1.49 52.46124506 184.85942
1.491 52.27669713 184.21497
1.492 52.09281513 183.91319
1.493 51.90887076 183.90756
1.494 51.725 183.16062
1.495 51.54254952 182.38481
1.496 51.36023038 183.01991
1.497 51.17650969 182.87885
1.498 50.99447269 181.50326
1.499 50.81350316 181.29978
1.5 50.63187313 181.55936
1.501 50.45038444 180.7789
1.502 50.27031533 180.04095
1.503 50.09030254 180.30099
1.504 49.90971334 180.1666
1.505 49.72996934 179.15907
1.506 49.55139521 179.20422
1.507 49.37156091 179.76692
1.508 49.19186138 178.81776
1.509 49.01392538 177.62432
1.51 48.83661273 177.21255
1.511 48.65950028 177.24771
1.512 48.48211731 177.53958
1.513 48.30442113 176.84896
1.514 48.12841939 175.61221
1.515 47.95319672 175.94292
1.516 47.77653355 176.24593
1.517 47.60070486 175.29119
1.518 47.42595116 174.95368
1.519 47.25079749 175.25527
1.52 47.07544063 174.69364
1.521 46.90141021 173.80814
1.522 46.72782435 173.93079
1.523 46.55354863 173.94033
1.524 46.37994369 172.64232
1.525 46.208264 172.17097
1.526 46.03560174 172.87837
1.527 45.86250725 172.33669
1.528 45.69092837 171.46414
1.529 45.51957897 171.36926
1.53 45.34818984 171.14776
1.531 45.17728344 170.56557
1.532 45.0070587 170.19573
1.533 44.83689199 170.12922
1.534 44.66680025 169.8331
1.535 44.49722579 169.16653
1.536 44.32846718 168.35148
1.537 44.16052284 168.10774
1.538 43.99225171 168.76045
1.539 43.82300195 168.4533
1.54 43.6553451 167.13321
1.541 43.48873553 167.28447
1.542 43.32077615 167.67111
1.543 43.15339331 166.52514
1.544 42.98772588 165.7606
1.545 42.82187211 166.03313
1.546 42.65565961 165.82985
1.547 42.49021241 165.25174
1.548 42.32515613 165.0483
1.549 42.16011581 164.91112
1.55 41.9953339 164.06245
1.551 41.83199091 163.52939
1.552 41.66827513 164.20431
1.553 41.5035823 163.74928
1.554 41.34077657 162.48113
1.555 41.17862004 162.4616
1.556 41.01585337 162.55705
1.557 40.85350593 161.71483
1.558 40.69242372 161.15894
1.559 40.53118806 161.39269
1.56 40.36963834 161.34541
1.561 40.20849724 160.72702
1.562 40.04818429 159.90029
1.563 39.88869665 159.46027
1.564 39.72926375 159.67173
1.565 39.56935319 159.49126
1.566 39.41028123 158.20928
1.567 39.25293464 157.91307
1.568 39.0944551 158.52895
1.569 38.93587675 157.91632
1.57 38.77862246 157.14087
1.571 38.621595 156.997
1.572 38.46462846 156.66995
1.573 38.30825509 155.75503
1.574 38.1531184 155.66363
1.575 37.99692783 156.2307
1.576 37.84065699 155.62078
1.577 37.68568626 154.84774
1.578 37.53096152 154.7088
1.579 37.37626866 154.4351
1.58 37.22209133 153.90367
1.581 37.06846132 153.60707
1.582 36.91487718 153.46545
1.583 36.76153042 152.9911
1.584 36.60889497 152.60398
1.585 36.45632245 152.81482
1.586 36.30326532 152.61579
1.587 36.15109087 151.73075
1.588 35.99980381 151.25474
1.589 35.84858139 151.15679
1.59 35.69749023 150.8529
1.591 35.54687559 150.16306
1.592 35.39716411 149.42861
1.593 35.24801837 149.09847
1.594 35.09896716 148.95723
1.595 34.95010391 148.31347
1.596 34.80234022 147.52772
1.597 34.65504847 147.57444
1.598 34.50719134 147.57079
1.599 34.3599069 146.73404
1.6 34.21372326 146.29177
1.601 34.06732335 146.49987
1.602 33.92072351 146.08613
1.603 33.77515109 145.27233
1.604 33.63017885 145.5348
1.605 33.48408149 145.80213
1.606 33.33857459 144.6069
1.607 33.1948677 144.28242
1.608 33.05000974 145.24046
1.609 32.90438677 144.61355
1.61 32.76078263 143.50154
1.611 32.61738368 143.62141
1.612 32.47353982 143.52853
1.613 32.33032662 142.69349
1.614 32.18815283 142.38858
1.615 32.04554947 142.59586
1.616 31.90296111 141.61188
1.617 31.76232571 140.60341
1.618 31.62175429 140.57142
1.619 31.48118286 140.5643
1.62 31.3406257 140.41461
1.621 31.20035364 139.97822
1.622 31.06066926 139.51716
1.623 30.92131932 139.50991
1.624 30.78164944 139.62456
1.625 30.6420702 139.25561
1.626 30.50313821 138.80691
1.627 30.36445638 138.62388
1.628 30.22589045 138.2646
1.629 30.08792717 137.80205
1.63 29.95028634 137.83305
1.631 29.81226106 137.87197
1.632 29.67454241 137.14788
1.633 29.5379653 136.5922
1.634 29.40135802 136.78724
1.635 29.26439082 136.27289
1.636 29.12881223 135.10235
1.637 28.99418611 134.86435
1.638 28.85908352 135.00098
1.639 28.72418415 133.98867
1.64 28.59110618 133.19635
1.641 28.45779145 133.73043
1.642 28.32364532 133.44008
1.643 28.19091129 132.24806
1.644 28.0591492 131.59498
1.645 27.92772133 131.44111
1.646 27.79626699 131.57807
1.647 27.6645652 131.50213
1.648 27.53326272 131.04123
1.649 27.40248273 130.88495
1.65 27.27149282 131.01304
1.651 27.14045664 130.24897
1.652 27.01099487 129.25766
1.653 26.88194131 129.52882
1.654 26.75193723 129.77441
1.655 26.62239249 129.3278
1.656 26.49328163 129.03694
1.657 26.36431861 128.79207
1.658 26.23569749 128.09247
1.659 26.10813367 127.50641
1.66 25.98068466 127.93935
1.661 25.85225497 127.91004
1.662 25.72486458 127.09578
1.663 25.59806341 126.89591
1.664 25.47107277 126.9958
1.665 25.34407181 126.44857
1.666 25.21817563 125.78877
1.667 25.09249426 126.19163
1.668 24.96579238 126.14955
1.669 24.84019517 125.02425
1.67 24.71574388 124.23713
1.671 24.59172092 124.01106
1.672 24.46772176 124.08036
1.673 24.34356021 124.10409
1.674 24.21951358 123.73821
1.675 24.09608378 123.3572
1.676 23.97279918 123.15142
1.677 23.84978094 122.46292
1.678 23.72787334 121.7816
1.679 23.60621775 121.82032
1.68 23.48423271 121.73603
1.681 23.36274569 120.9974
1.682 23.24223791 120.57097
1.683 23.12160374 120.69319
1.684 23.00085152 120.25399
1.685 22.88109576 119.52319
1.686 22.76180514 119.43251
1.687 22.64223074 119.4703
1.688 22.52286454 118.74325
1.689 22.40474425 118.39856
1.69 22.28606741 118.91466
1.691 22.16691493 118.24012
1.692 22.04958716 117.21572
1.693 21.9324835 117.17723
1.694 21.81523269 117.22709
1.695 21.69802932 116.95854
1.696 21.58131561 116.19438
1.697 21.46564056 115.53472
1.698 21.35024618 115.4787
1.699 21.23468317 115.50213
1.7 21.11924191 115.16502
1.701 21.00435312 114.8703
1.702 20.88950131 114.96533
1.703 20.77442246 114.66458
1.704 20.66017215 113.91081
1.705 20.54660084 113.73196
1.706 20.43270822 113.7592
1.707 20.31908243 113.121
1.708 20.20646621 112.56348
1.709 20.09395547 112.5867
1.71 19.98129281 112.54204
1.711 19.8688714 112.14278
1.712 19.75700725 111.8553
1.713 19.6451608 111.47154
1.714 19.53406417 110.69212
1.715 19.42377655 110.29023
1.716 19.31348371 110.33054
1.717 19.20311546 110.10987
1.718 19.09326397 109.36257
1.719 18.98439032 109.34111
1.72 18.87458175 109.67773
1.721 18.76503486 108.86534
1.722 18.65685106 107.85549
1.723 18.54932387 107.47499
1.724 18.44190108 107.44098
1.725 18.33444192 107.46734
1.726 18.22696641 107.29564
1.727 18.11985064 106.87752
1.728 18.01321136 106.52325
1.729 17.90680413 106.23578
1.73 17.8007398 105.88569
1.731 17.69503276 105.55548
1.732 17.58962883 105.24719
1.733 17.48453838 104.90193
1.734 17.37982496 104.57808
1.735 17.27538222 104.37588
1.736 17.1710732 103.76618
1.737 17.06784985 103.03632
1.738 16.96500055 102.8594
1.739 16.86213105 102.87163
1.74 16.75925729 102.69747
1.741 16.65673612 102.28692
1.742 16.55468344 101.9233
1.743 16.45288953 101.62812
1.744 16.3514272 101.29461
1.745 16.25030031 100.96464
1.746 16.14949792 100.63966
1.747 16.04902099 100.34417
1.748 15.94880958 99.95931
1.749 15.84910237 99.56799
1.75 15.7496736 99.428145
1.751 15.65024608 99.426595
1.752 15.55082041 99.207375
1.753 15.45183133 98.473735
1.754 15.35387294 97.917695
1.755 15.25599594 97.651995
1.756 15.15856895 97.285115
1.757 15.06142571 97.14158
1.758 14.96428579 97.13474
1.759 14.86715623 96.698435
1.76 14.77088892 95.66397
1.761 14.67582829 95.61855
1.762 14.57965182 95.853425
1.763 14.48412144 95.19388
1.764 14.38926406 94.87026
1.765 14.29438092 94.87884
1.766 14.19950638 94.47371
1.767 14.1054335 93.816295
1.768 14.01187379 93.681875
1.769 13.91806975 93.59933
1.77 13.82467513 92.96347
1.771 13.73214281 92.513585
1.772 13.63964796 92.51265
1.773 13.54711751 92.28513
1.774 13.4550777 91.558755
1.775 13.364 90.972025
1.776 13.27313365 90.861625
1.777 13.18227675 90.886285
1.778 13.09136108 90.59098
1.779 13.00109479 89.92567
1.78 12.91150974 89.6679
1.781 12.82175899 89.64616
1.782 12.73221742 89.105625
1.783 12.64354774 88.56922
1.784 12.55507898 88.54075
1.785 12.46646624 88.28276
1.786 12.37851346 87.625845
1.787 12.29121455 87.37936
1.788 12.20375474 87.343675
1.789 12.1165272 86.79871
1.79 12.03015732 86.27784
1.791 11.94397152 86.246965
1.792 11.85766339 85.97413
1.793 11.77202326 85.32637
1.794 11.68701065 85.055375
1.795 11.60191251 85.050275
1.796 11.5169101 84.526205
1.797 11.4328601 84.03615
1.798 11.3488378 84.34528
1.799 11.26416954 84.181025
1.8 11.18047575 83.1739
1.801 11.09782174 82.484625
1.802 11.0155065 82.28887
1.803 10.933244 82.233035
1.804 10.85104043 82.157875
1.805 10.76892825 81.91738
1.806 10.68720567 81.522475
1.807 10.6058833 81.13753
1.808 10.52493061 80.844305
1.809 10.44419469 80.57442
1.81 10.36378177 80.189585
1.811 10.28381552 79.82634
1.812 10.20412909 79.57167
1.813 10.12467218 79.25537
1.814 10.04561835 78.848943
1.815 9.966974294 78.483779
1.816 9.888650792 78.29179
1.817 9.810390713 78.274583
1.818 9.732101625 78.028878
1.819 9.654332956 77.418205
1.82 9.577265215 77.083532
1.821 9.500165892 77.037832
1.822 9.423189551 76.585216
1.823 9.34699546 76.037569
1.824 9.271114413 76.068407
1.825 9.194858646 75.542921
1.826 9.120028571 74.557894
1.827 9.045742857 74.285714
1.828 8.971457143 74.285714
1.829 8.897171429 74.281215
1.83 8.822894713 74.099859
1.831 8.748971711 73.227035
1.832 8.676440642 72.586709
1.833 8.603798294 72.893233
1.834 8.530654176 72.550108
1.835 8.458698077 71.6043
1.836 8.387445575 71.598564
1.837 8.31550095 71.765986
1.838 8.243913603 71.23108
1.839 8.173038791 70.830109
1.84 8.102253385 70.762023
1.841 8.031514744 70.399784
1.842 7.961453818 69.820857
1.843 7.891873031 69.626862
1.844 7.822200094 69.488879
1.845 7.752895272 68.94184
1.846 7.684316414 68.524306
1.847 7.61584666 68.450057
1.848 7.547416299 68.092922
1.849 7.479660816 67.524991
1.85 7.412366318 67.334489
1.851 7.344991838 67.18376
1.852 7.277998797 66.639325
1.853 7.211713188 66.223315
1.854 7.145552168 66.129234
1.855 7.07945472 65.856918
1.856 7.013838331 65.257214
1.857 6.948940292 64.755262
1.858 6.884327807 64.565322
1.859 6.819809648 64.478193
1.86 6.755371421 64.197169
1.861 6.691415311 63.619957
1.862 6.628131508 63.548544
1.863 6.564318223 63.751454
1.864 6.500628599 63.059343
1.865 6.438199537 62.27644
1.866 6.376075719 62.144664
1.867 6.313910208 61.8918
1.868 6.25229212 61.334346
1.869 6.191241516 61.005271
1.87 6.130281577 60.924973
1.871 6.069391571 60.803792
1.872 6.008673993 60.506034
1.873 5.948379503 60.032598
1.874 5.888608796 59.685351
1.875 5.829008801 59.507749
1.876 5.769593299 59.145762
1.877 5.710717276 58.672057
1.878 5.652249185 58.387998
1.879 5.59394128 58.29816
1.88 5.535652866 58.312334
1.881 5.477316612 57.600718
1.882 5.420451429 56.718306
1.883 5.36388 56.571429
1.884 5.307308571 56.5714
1.885 5.250737201 56.517767
1.886 5.194273037 56.232217
1.887 5.138272768 55.700497
1.888 5.082872044 55.351234
1.889 5.027570299 55.228821
1.89 4.972414402 54.836602
1.891 4.917897095 54.331985
1.892 4.863750432 54.146168
1.893 4.80960476 53.928106
1.894 4.755894221 53.406887
1.895 4.702790986 53.080889
1.896 4.649732443 52.950167
1.897 4.596890652 52.276685
1.898 4.545179072 51.511034
1.899 4.493868584 51.568324
1.9 4.442042424 51.630532
1.901 4.39060752 51.128116
1.902 4.339786193 50.769705
1.903 4.289068109 50.627611
1.904 4.238530971 50.199863
1.905 4.188668383 49.758855
1.906 4.139013261 49.881824
1.907 4.088904736 49.871727
1.908 4.039269808 49.069509
1.909 3.990765718 48.281388
1.91 3.942707031 48.018643
1.911 3.894728433 48.167672
1.912 3.846371687 48.211607
1.913 3.798305218 47.459293
1.914 3.751453102 46.877734
1.915 3.704549751 47.085977
1.916 3.657281148 46.752864
1.917 3.611044022 45.891792
1.918 3.565497564 45.76232
1.919 3.519519382 45.950459
1.92 3.473596647 45.624116
1.921 3.428271149 44.958234
1.922 3.383680179 44.417884
1.923 3.339435381 44.154463
1.924 3.295371252 44.02124
1.925 3.251392901 43.912265
1.926 3.207546722 43.653501
1.927 3.164085898 43.179209
1.928 3.121188303 42.798311
1.929 3.078489277 42.632066
1.93 3.035924172 42.253266
1.931 2.993982745 41.789739
1.932 2.952344694 41.794124
1.933 2.910394498 41.93117
1.934 2.868482354 41.628892
1.935 2.827136713 40.866663
1.936 2.786749029 40.159953
1.937 2.746816808 40.066517
1.938 2.706615994 40.210326
1.939 2.666396156 39.903058
1.94 2.626809877 39.435043
1.941 2.587526071 39.279152
1.942 2.548251573 38.807932
1.943 2.509910206 37.965659
1.944 2.472320256 37.733522
1.945 2.434443161 37.904301
1.946 2.396511654 37.700876
1.947 2.359041409 37.074499
1.948 2.322362656 36.450011
1.949 2.286141387 36.176485
1.95 2.250009685 36.079951
1.951 2.213981485 35.697319
1.952 2.178615047 35.141835
1.953 2.143697815 34.887715
1.954 2.108839616 34.874426
1.955 2.073948963 35.057945
1.956 2.038723725 34.812261
1.957 2.004324442 33.978232
1.958 1.97076726 33.717127
1.959 1.936890188 33.88363
1.96 1.903 33.615448
1.961 1.869659291 33.091625
1.962 1.836816749 32.717878
1.963 1.804223535 32.508738
1.964 1.771799272 32.298792
1.965 1.739625951 31.86557
1.966 1.708068133 31.470465
1.967 1.676685021 31.537064
1.968 1.644994004 31.523686
1.969 1.61363765 30.804457
1.97 1.58338509 30.127393
1.971 1.553382863 29.937835
1.972 1.523509419 29.616184
1.973 1.494150496 29.189746
1.974 1.465129926 29.013588
1.975 1.436123319 28.57689
1.976 1.407976145 27.756697
1.977 1.380609925 27.440591
1.978 1.353094964 27.561343
1.979 1.325487239 27.387407
1.98 1.298320151 26.906272
1.981 1.271674695 26.550966
1.982 1.245218219 26.434319
1.983 1.218806057 26.39356
1.984 1.192431099 26.055171
1.985 1.166695715 25.454215
1.986 1.141522669 25.156429
1.987 1.116382857 25.141334
1.988 1.09124 25.142857
1.989 1.066097143 25.090805
1.99 1.041058389 24.526557
1.991 1.017044028 24.031455
1.992 0.9929954791 24.018427
1.993 0.9690071748 23.600754
1.994 0.9457939703 23.035182
1.995 0.9229368115 22.879924
1.996 0.9000341216 22.791931
1.997 0.8773529493 22.253347
1.998 0.8555274272 21.524833
1.999 0.8343032833 21.174618
2 0.8131781919 21.197728
2.001 0.7919078268 21.247702
2.002 0.7706827878 20.941204
2.003 0.7500254192 20.504091
2.004 0.7296746052 20.26225
2.005 0.70950092 19.873626
2.006 0.6899273523 19.485089
2.007 0.6705307428 19.47197
2.008 0.6509834124 19.523591
2.009 0.6314835611 19.237316
2.01 0.6125087809 18.744238
2.011 0.5939950843 18.44933
2.012 0.5756101203 18.373917
2.013 0.5572472511 18.309568
2.014 0.5389909844 17.878234
2.015 0.5214907827 17.182221
2.016 0.504626543 16.896582
2.017 0.4876976179 16.420078
2.018 0.4717863868 15.647773
2.019 0.4564020713 15.440066
2.02 0.440906255 15.506789
2.021 0.4253884924 15.299636
2.022 0.410306983 14.861898
2.023 0.3956646966 14.544349
2.024 0.3812182854 14.269275
2.025 0.3671261472 13.902882
2.026 0.3534125208 13.499636
2.027 0.3401268757 13.244455
2.028 0.3269236099 13.245141
2.029 0.313636593 13.085482
2.03 0.3007526468 12.476346
2.031 0.2886839006 12.020176
2.032 0.2767122949 11.985315
2.033 0.2647132715 11.926053
2.034 0.2528601893 11.582263
2.035 0.2415487464 10.845126
2.036 0.2311699378 10.347984
2.037 0.2208527778 10.699799
2.038 0.2097703396 10.756492
2.039 0.199339793 10.043316
2.04 0.1896837083 9.4164538
2.041 0.1805068854 9.158528
2.042 0.1713666523 9.2028228
2.043 0.1621012398 9.1512708
2.044 0.1530641107 8.7929036
2.045 0.1445154327 8.5572929
2.046 0.1359495249 8.5985856
2.047 0.1273182615 8.5090701
2.048 0.1189313847 8.0840296
2.049 0.1111502024 7.632358
2.05 0.1036666687 7.4723713
2.051 0.09620545979 7.4755953
2.052 0.08871547803 7.3256479
2.053 0.08155416408 7.001398
2.054 0.07471268197 6.8539254
2.055 0.06784631333 6.856341
2.056 0.061 6.6664353
2.057 0.05451344279 6.2761396
2.058 0.0484477208 5.9064151
2.059 0.04270061265 5.5874958
2.06 0.03727272919 5.2759727
2.061 0.03214866735 5.0484751
2.062 0.02717577901 4.6091659
2.063 0.02293033545 3.850832
2.064 0.01947411495 3.4468784
2.065 0.01603657869 3.4366726
2.066 0.01260076985 3.2870325
2.067 0.009462513675 2.5936041
2.068 0.007413561668 1.9540185
2.069 0.005554476749 1.7354727
2.07 0.003942616224 1.4673781
2.071 0.002619720595 1.0549958
2.072 0.001832624589 0.68089014
2.073 0.001257940325 0.57386161
2.074 0.0006849013726 0.57210013
2.075 0.0001137400558 0.43716415
2.076 -0.0001894269267 0.047531719
2.077 1.867661804e-05 -0.39813924
2.078 0.0006068515451 -0.50490116
2.079 0.00102847893 -0.074120262
2.08 0.0007550920692 -0.30951685
2.081 0.001647512629 -1.0191706
2.082 0.002793433184 -1.1466178
2.083 0.003940748325 -1.1505107
2.084 0.005094454638 -1.3382371
2.085 0.006617222453 -1.830755
2.086 0.008755964652 -2.2201603
2.087 0.01105754305 -2.2667792
2.088 0.0132895231 -2.2577191
2.089 0.01557298129 -2.7272012
2.09 0.01874392554 -3.3849379
2.091 0.02234285714 -3.5137515
2.092 0.02577142857 -3.4285714
2.093 0.0292 -3.4285714
2.094 0.03262857143 -3.6299314
2.095 0.0364598629 -4.3588473
2.096 0.0413462661 -4.7337882
2.097 0.04592743933 -4.5830892
2.098 0.05051244454 -4.8418558
2.099 0.05561115092 -5.2475819
2.1 0.06100760834 -5.5517671
2.101 0.06671468516 -5.980841
2.102 0.07296929038 -6.688177
2.103 0.08009103911 -7.4597548
2.104 0.08788879995 -7.9931234
2.105 0.09607728598 -8.2757706
2.106 0.1044403412 -8.8437328
2.107 0.1137647516 -9.524295
2.108 0.1234889313 -9.7386675
2.109 0.1332420866 -9.7651262
2.11 0.1430191837 -9.9213696
2.111 0.1530848258 -10.286929
2.112 0.1635930412 -10.656071
2.113 0.1743969673 -11.039817
2.114 0.1856726742 -11.355061
2.115 0.1971070895 -11.367406
2.116 0.2084074871 -11.447391
2.117 0.2200018711 -12.079114
2.118 0.2325657143 -12.567636
2.119 0.2451371429 -12.571429
2.12 0.2577085714 -12.59268
2.121 0.2703225032 -12.914309
2.122 0.2835371889 -13.674455
2.123 0.297671414 -14.228785
2.124 0.3119947587 -14.34533
2.125 0.3263620744 -14.363928
2.126 0.3407226153 -14.300477
2.127 0.3549630281 -14.40456
2.128 0.3695317356 -15.122222
2.129 0.3852074725 -15.827475
2.13 0.4011866848 -15.995558
2.131 0.4171985877 -15.98443
2.132 0.4331555446 -16.155754
2.133 0.4495100956 -16.753573
2.134 0.4666626904 -17.203975
2.135 0.4839180453 -17.248358
2.136 0.501159407 -17.318388
2.137 0.5185548211 -17.646457
2.138 0.5364523218 -18.134852
2.139 0.5548245254 -18.379555
2.14 0.5732114327 -18.307181
2.141 0.5914388868 -18.435238
2.142 0.6100819095 -19.183842
2.143 0.6298065713 -19.849081
2.144 0.6497800717 -19.996428
2.145 0.6697994276 -20.052314
2.146 0.6898846999 -20.133349
2.147 0.7100661264 -20.366539
2.148 0.7306177784 -20.688691
2.149 0.7514435077 -21.007083
2.15 0.7726319438 -21.410381
2.151 0.7942642697 -21.794332
2.152 0.8162206082 -22.034961
2.153 0.8383341918 -22.364262
2.154 0.8609491319 -22.816252
2.155 0.8839666953 -22.972327
2.156 0.9068937869 -22.881884
2.157 0.9297304629 -22.970405
2.158 0.9528345969 -23.50088
2.159 0.9767322231 -24.209995
2.16 1.001254587 -24.585476
2.161 1.025903175 -24.660444
2.162 1.050575474 -24.806392
2.163 1.075515959 -25.066312
2.164 1.100708098 -25.202405
2.165 1.125920769 -25.283016
2.166 1.151274129 -25.690474
2.167 1.177301718 -26.406323
2.168 1.204086776 -26.912029
2.169 1.231125776 -26.974559
2.17 1.258035893 -26.871442
2.171 1.28486866 -27.069657
2.172 1.312175207 -27.53953
2.173 1.339947719 -27.851636
2.174 1.367878479 -28.048085
2.175 1.39604389 -28.350353
2.176 1.424579185 -28.771472
2.177 1.453586834 -29.194029
2.178 1.482967243 -29.520443
2.179 1.51262772 -29.708604
2.18 1.542384452 -29.811643
2.181 1.572251006 -29.892907
2.182 1.602170265 -30.043229
2.183 1.632337464 -30.697093
2.184 1.663564452 -31.468102
2.185 1.695273668 -31.574325
2.186 1.726713101 -31.436372
2.187 1.758146411 -31.493608
2.188 1.789700317 -31.682615
2.189 1.821511641 -32.197241
2.19 1.854094799 -32.901251
2.191 1.887314142 -33.290656
2.192 1.920676112 -33.256661
2.193 1.953827465 -33.160384
2.194 1.98699688 -33.432853
2.195 2.02069317 -34.096144
2.196 2.055189168 -34.67974
2.197 2.09005265 -34.946218
2.198 2.125081603 -35.046843
2.199 2.160146335 -34.926417
2.2 2.194934438 -34.911844
2.201 2.229970024 -35.497846
2.202 2.26593013 -36.048777
2.203 2.302067578 -36.144662
2.204 2.338219454 -36.464892
2.205 2.374997362 -37.024987
2.206 2.412269427 -37.296927
2.207 2.449591215 -37.361156
2.208 2.48699174 -37.508323
2.209 2.524607862 -37.84073
2.21 2.5626732 -38.302984
2.211 2.60121383 -38.665789
2.212 2.640004778 -38.836415
2.213 2.67888666 -38.906181
2.214 2.71781714 -39.121491
2.215 2.757129641 -39.640514
2.216 2.797098168 -40.073991
2.217 2.837277623 -40.20595
2.218 2.877510068 -40.291071
2.219 2.917859765 -40.516148
2.22 2.958542364 -40.948494
2.221 2.999756754 -41.393577
2.222 3.041329517 -41.637265
2.223 3.083031283 -41.714309
2.224 3.124758135 -41.806564
2.225 3.166644411 -42.335218
2.226 3.209428571 -42.820652
2.227 3.252285714 -42.857143
2.228 3.295142857 -42.87491
2.229 3.338035534 -43.287234
2.23 3.381717325 -43.780649
2.231 3.425596831 -43.932776
2.232 3.469582878 -44.302432
2.233 3.514201695 -44.761171
2.234 3.55910522 -44.670669
2.235 3.603543033 -44.675281
2.236 3.648455782 -45.487722
2.237 3.694518478 -45.96544
2.238 3.740386662 -45.763022
2.239 3.786044521 -45.962034
2.24 3.83231073 -46.477739
2.241 3.879 -46.706892
2.242 3.925724514 -46.920919
2.243 3.972841838 -47.401793
2.244 4.020528101 -47.802352
2.245 4.068446543 -47.962513
2.246 4.116453127 -48.10055
2.247 4.164647642 -48.256647
2.248 4.212966422 -48.335551
2.249 4.261318745 -48.704188
2.25 4.310374797 -49.593864
2.251 4.360506473 -49.986887
2.252 4.410348571 -49.778192
2.253 4.460062857 -49.714286
2.254 4.509777143 -49.715059
2.255 4.559492975 -50.348459
2.256 4.610474062 -51.128291
2.257 4.661749557 -50.983265
2.258 4.712440591 -51.163066
2.259 4.764075688 -52.056982
2.26 4.816554555 -52.229835
2.261 4.868535358 -52.034657
2.262 4.920623869 -52.43169
2.263 4.973398738 -52.916208
2.264 5.026456285 -53.097152
2.265 5.079593043 -53.182298
2.266 5.132820881 -53.361236
2.267 5.186315514 -53.773384
2.268 5.24036765 -54.250692
2.269 5.294816899 -54.511561
2.27 5.349390771 -54.610731
2.271 5.404038361 -54.722588
2.272 5.458835948 -55.078898
2.273 5.514196158 -55.607071
2.274 5.57005009 -55.906349
2.275 5.626008856 -55.997669
2.276 5.682045428 -56.06755
2.277 5.738143956 -56.477286
2.278 5.795 -56.999451
2.279 5.852142857 -57.142857
2.28 5.909285714 -57.142857
2.281 5.966428571 -57.407694
2.282 6.024101101 -57.988048
2.283 6.082404666 -58.283337
2.284 6.140667776 -58.308328
2.285 6.199021323 -58.473372
2.286 6.257614519 -58.840622
2.287 6.316702567 -59.31325
2.288 6.376241019 -59.633718
2.289 6.435970003 -59.768069
2.29 6.495777156 -59.842823
2.291 6.555655648 -60.129932
2.292 6.616037021 -60.680678
2.293 6.677017005 -61.006217
2.294 6.738049455 -61.110994
2.295 6.799238993 -61.555296
2.296 6.861160048 -62.016802
2.297 6.923272598 -61.842533
2.298 6.984845114 -61.847251
2.299 7.0469671 -62.406979
2.3 7.109659073 -62.70875
2.301 7.172384601 -62.822412
2.302 7.235303897 -63.262384
2.303 7.298909368 -63.788051
2.304 7.36288 -63.985316
2.305 7.42688 -64
2.306 7.49088 -64
2.307 7.55488 -64.334339
2.308 7.619548677 -65.272271
2.309 7.685424543 -65.459381
2.31 7.75046744 -65.211435
2.311 7.815847412 -65.722948
2.312 7.881913335 -66.149111
2.313 7.948145635 -66.259687
2.314 8.014432709 -66.357845
2.315 8.080861324 -66.60786
2.316 8.147648428 -67.022973
2.317 8.21490727 -67.450957
2.318 8.282550342 -67.724902
2.319 8.350357073 -67.834737
2.32 8.418219815 -67.927827
2.321 8.486212728 -68.303964
2.322 8.554827744 -68.861183
2.323 8.623935094 -68.774922
2.324 8.692377587 -68.682761
2.325 8.761300616 -69.570309
2.326 8.831518206 -70.067871
2.327 8.901436358 -69.765787
2.328 8.971049779 -70.038796
2.329 9.04151395 -70.621132
2.33 9.112292043 -70.791397
2.331 9.183096744 -70.8846
2.332 9.254061242 -71.174963
2.333 9.32544667 -71.556889
2.334 9.397175021 -71.792325
2.335 9.46903132 -71.857141
2.336 9.540889302 -71.98434
2.337 9.613 -72.77521
2.338 9.686439723 -73.514424
2.339 9.760028848 -73.344901
2.34 9.833129525 -73.191396
2.341 9.90641164 -73.440917
2.342 9.98001136 -73.816475
2.343 10.05404459 -74.240745
2.344 10.12849285 -74.56961
2.345 10.20318381 -74.713885
2.346 10.27792062 -74.747345
2.347 10.3526785 -75.076385
2.348 10.42807339 -75.684185
2.349 10.50404687 -75.95147
2.35 10.57997633 -76.00219
2.351 10.65605125 -76.520465
2.352 10.73301726 -76.96604
2.353 10.80998333 -76.674675
2.354 10.88636661 -76.810245
2.355 10.96360382 -77.437715
2.356 11.04124204 -77.66059
2.357 11.118925 -77.712775
2.358 11.19666759 -77.91475
2.359 11.2747545 -78.416995
2.36 11.35350158 -79.08047
2.361 11.43291544 -79.20158
2.362 11.51190474 -78.887625
2.363 11.59069069 -79.270815
2.364 11.67044637 -79.852195
2.365 11.75039508 -79.946005
2.366 11.83033838 -80.087945
2.367 11.91057097 -80.709815
2.368 11.99175801 -80.96687
2.369 12.07250471 -80.624285
2.37 12.15300658 -81.203545
2.371 12.2349118 -82.088305
2.372 12.31718319 -81.890115
2.373 12.39869203 -81.869035
2.374 12.48092126 -82.50197
2.375 12.56369597 -82.80256
2.376 12.64652638 -82.848225
2.377 12.72939242 -82.98893
2.378 12.81250424 -83.324685
2.379 12.89604179 -83.708545
2.38 12.97992133 -84.10066
2.381 13.06424311 -84.40361
2.382 13.14872855 -84.50588
2.383 13.23325487 -84.55669
2.384 13.31784193 -84.757705
2.385 13.40277028 -85.12914
2.386 13.48810021 -85.437165
2.387 13.57364461 -85.721855
2.388 13.65954392 -86.08611
2.389 13.74581683 -86.488785
2.39 13.83252149 -86.750695
2.391 13.91931822 -86.815055
2.392 14.0061516 -86.862745
2.393 14.09304371 -87.08335
2.394 14.1803183 -87.46233
2.395 14.26796837 -87.821585
2.396 14.35596147 -88.215135
2.397 14.44439864 -88.47819
2.398 14.53291785 -88.47348
2.399 14.6213456 -88.62594
2.4 14.71016973 -89.238085
2.401 14.79982177 -89.699605
2.402 14.88956894 -89.72963
2.403 14.97928103 -89.80901
2.404 15.06918696 -90.1434
2.405 15.15956783 -90.5443
2.406 15.25027556 -90.88075
2.407 15.34132933 -91.23987
2.408 15.4327553 -91.298285
2.409 15.5239259 -90.942935
2.41 15.61464117 -91.13571
2.411 15.70619732 -91.8709
2.412 15.79838297 -92.29846
2.413 15.89079424 -92.56022
2.414 15.98350341 -92.899595
2.415 16.07659343 -93.269015
2.416 16.17004144 -93.59635
2.417 16.26378613 -93.488385
2.418 16.35701821 -93.197765
2.419 16.45018166 -93.94077
2.42 16.54489975 -94.756785
2.421 16.63969523 -94.410785
2.422 16.73372132 -94.54181
2.423 16.82877885 -95.234955
2.424 16.92419123 -95.412915
2.425 17.01960468 -95.42699
2.426 17.11504521 -95.9188
2.427 17.21144228 -96.49497
2.428 17.30803515 -96.187965
2.429 17.40381821 -96.316235
2.43 17.50066762 -97.384435
2.431 17.59858708 -97.554885
2.432 17.69577739 -97.195035
2.433 17.79297715 -97.717625
2.434 17.89121264 -98.220495
2.435 17.98941814 -97.850885
2.436 18.08691441 -98.054725
2.437 18.18552759 -99.13131
2.438 18.28517703 -99.280085
2.439 18.38408776 -98.89869
2.44 18.48297441 -99.101225
2.441 18.58229021 -99.479265
2.442 18.68193294 -99.806755
2.443 18.78190372 -100.11781
2.444 18.88216855 -100.43849
2.445 18.9827807 -100.86919
2.446 19.08390693 -101.13805
2.447 19.18505681 -101.09835
2.448 19.28610363 -101.23744
2.449 19.38753168 -101.91147
2.45 19.48992658 -102.35881
2.451 19.59224931 -102.29989
2.452 19.69452635 -102.50191
2.453 19.79725313 -102.83652
2.454 19.9001994 -102.84114
2.455 20.00293542 -102.97188
2.456 20.10614315 -103.66315
2.457 20.21026171 -104.08788
2.458 20.31431891 -104.02752
2.459 20.41831676 -104.15543
2.46 20.52262976 -104.56132
2.461 20.6274394 -104.93004
2.462 20.73248984 -105.22793
2.463 20.83789527 -105.6192
2.464 20.94372823 -105.60802
2.465 21.0491113 -105.21686
2.466 21.15416196 -105.48851
2.467 21.26008832 -106.26298
2.468 21.36668792 -106.74914
2.469 21.4735866 -106.87714
2.47 21.58044221 -106.80581
2.471 21.68719823 -107.15267
2.472 21.79474755 -107.8767
2.473 21.90295163 -108.10249
2.474 22.01095254 -108.01075
2.475 22.11897314 -108.2774
2.476 22.22750734 -108.71081
2.477 22.33639476 -109.01402
2.478 22.44553539 -109.34823
2.479 22.55509123 -109.70174
2.48 22.66493886 -109.4745
2.481 22.77404022 -109.24404
2.482 22.88342694 -110.19208
2.483 22.99442439 -110.8356
2.484 23.10509813 -110.37235
2.485 23.21516908 -110.67536
2.486 23.32644885 -111.3997
2.487 23.43796849 -111.46955
2.488 23.54938795 -111.44056
2.489 23.6608496 -111.70476
2.49 23.77279748 -112.2152
2.491 23.88528 -112.52698
2.492 23.99785143 -112.57143
2.493 24.11042286 -112.57143
2.494 24.22299429 -113.03872
2.495 24.33650031 -113.70634
2.496 24.45040696 -113.41236
2.497 24.56332503 -113.41455
2.498 24.67723606 -114.54169
2.499 24.79240842 -114.75492
2.5 24.90674589 -114.33713
2.501 25.02108267 -114.91233
2.502 25.13657056 -115.50066
2.503 25.25208399 -115.4316
2.504 25.36743375 -115.53831
2.505 25.48316061 -115.94621
2.506 25.59932618 -116.05591
2.507 25.71527244 -116.0055
2.508 25.83133717 -116.58529
2.509 25.94844302 -117.21863
2.51 26.06577443 -117.22253
2.511 26.18288809 -117.21907
2.512 26.30021257 -117.61842
2.513 26.41812493 -118.01409
2.514 26.53624076 -118.25193
2.515 26.6546288 -118.6657
2.516 26.77357216 -118.9099
2.517 26.89244859 -118.5007
2.518 27.01057356 -118.43197
2.519 27.12931254 -119.11929
2.52 27.24881214 -119.78225
2.521 27.36887704 -120.09393
2.522 27.489 -119.99306
2.523 27.60886316 -120.0997
2.524 27.72919939 -120.83636
2.525 27.85053587 -121.27917
2.526 27.97175773 -121.16485
2.527 28.09286557 -121.38159
2.528 28.2145209 -121.78513
2.529 28.33643582 -121.79717
2.53 28.45811524 -121.78634
2.531 28.58000851 -122.52581
2.532 28.70316685 -122.90351
2.533 28.82581553 -122.39267
2.534 28.9479522 -122.94505
2.535 29.07170563 -123.99603
2.536 29.19594425 -123.79166
2.537 29.31928894 -123.49643
2.538 29.44293712 -123.8862
2.539 29.56706135 -124.22861
2.54 29.69139433 -124.46786
2.541 29.81599706 -124.90486
2.542 29.94120406 -125.25749
2.543 30.06651205 -125.22172
2.544 30.1916475 -125.16282
2.545 30.31683769 -125.42737
2.546 30.44250224 -126.07306
2.547 30.56898381 -126.83801
2.548 30.69617825 -126.71823
2.549 30.82242027 -126.36901
2.55 30.94891628 -127.04003
2.551 31.07650034 -127.57034
2.552 31.20405695 -127.46488
2.553 31.3314301 -127.68979
2.554 31.45943654 -128.50314
2.555 31.58843638 -128.47167
2.556 31.71637987 -128.09118
2.557 31.84461874 -128.77936
2.558 31.97393859 -129.29128
2.559 32.10320131 -129.17823
2.56 32.23229505 -129.28395
2.561 32.3617692 -129.74601
2.562 32.49178706 -130.0601
2.563 32.6218894 -130.30256
2.564 32.75239219 -130.77407
2.565 32.88343753 -131.01121
2.566 33.01441461 -130.87786
2.567 33.14519326 -131.0501
2.568 33.27651482 -131.5107
2.569 33.40821465 -131.57215
2.57 33.53965911 -131.44017
2.571 33.671095 -131.5855
2.572 33.80283011 -132.25107
2.573 33.93559713 -133.0888
2.574 34.06900771 -133.28793
2.575 34.202173 -133.15519
2.576 34.33531809 -133.46943
2.577 34.46911185 -133.87568
2.578 34.60306945 -133.80321
2.579 34.73671827 -133.86306
2.58 34.87079558 -134.69482
2.581 35.0061079 -134.88337
2.582 35.14056232 -134.3609
2.583 35.27482971 -134.91391
2.584 35.41039014 -135.60156
2.585 35.54603283 -135.50096
2.586 35.68139205 -135.59038
2.587 35.81721359 -136.42745
2.588 35.95424696 -136.63468
2.589 36.09048295 -136.0944
2.59 36.22643576 -136.85148
2.591 36.36418592 -137.79652
2.592 36.50202881 -137.0502
2.593 36.63828632 -136.89014
2.594 36.77580909 -138.11685
2.595 36.91452003 -138.25762
2.596 37.05232433 -137.77631
2.597 37.19007264 -138.24984
2.598 37.328824 -138.86687
2.599 37.46780638 -139.02352
2.6 37.60687104 -139.10985
2.601 37.74602608 -139.29317
2.602 37.88545738 -139.73616
2.603 38.02549841 -140.169
2.604 38.16579539 -140.08334
2.605 38.30566508 -140.09713
2.606 38.44598965 -140.88977
2.607 38.58744462 -141.37128
2.608 38.72873222 -141.18606
2.609 38.86981673 -141.40474
2.61 39.0115417 -141.88229
2.611 39.15358131 -141.85355
2.612 39.2952488 -141.79179
2.613 39.43716488 -142.5966
2.614 39.58044199 -142.98677
2.615 39.72313842 -142.40158
2.616 39.86524515 -142.78202
2.617 40.00870246 -143.59518
2.618 40.1524355 -143.55154
2.619 40.29580555 -143.51845
2.62 40.43947241 -144.36102
2.621 40.58452759 -144.72312
2.622 40.72891865 -144.16098
2.623 40.87284956 -144.06591
2.624 41.01705047 -144.53069
2.625 41.16191093 -145.40475
2.626 41.30785997 -145.94639
2.627 41.45380372 -145.77937
2.628 41.59941871 -145.88591
2.629 41.74557553 -146.40605
2.63 41.8922308 -146.48178
2.631 42.03853909 -146.31826
2.632 42.18486733 -146.99719
2.633 42.33253346 -147.61564
2.634 42.4800986 -147.07581
2.635 42.62668508 -147.18979
2.636 42.77447818 -148.0784
2.637 42.92284188 -148.18202
2.638 43.07084222 -148.03211
2.639 43.21890611 -148.7409
2.64 43.36832402 -149.33845
2.641 43.517583 -148.78123
2.642 43.66588648 -148.92129
2.643 43.81542559 -149.81394
2.644 43.96551436 -149.89815
2.645 44.11522188 -149.75062
2.646 44.2650156 -150.5045
2.647 44.41623088 -151.06222
2.648 44.56714004 -150.55931
2.649 44.71734949 -150.34885
2.65 44.86783773 -150.71657
2.651 45.01878263 -151.49444
2.652 45.17082662 -152.19659
2.653 45.32317581 -151.76773
2.654 45.47436207 -151.62762
2.655 45.62643105 -152.51368
2.656 45.77938944 -152.81267
2.657 45.93205638 -152.60408
2.658 46.0845976 -153.13009
2.659 46.23831656 -153.90859
2.66 46.39241478 -153.49511
2.661 46.54530678 -153.35552
2.662 46.69912582 -154.25647
2.663 46.85381973 -154.52032
2.664 47.00816647 -154.31049
2.665 47.16244071 -154.6578
2.666 47.31748207 -155.12754
2.667 47.4726958 -154.94732
2.668 47.62737672 -155.05478
2.669 47.78280535 -155.95681
2.67 47.93929033 -156.27917
2.671 48.0953637 -156.03534
2.672 48.25136101 -156.39666
2.673 48.40815702 -156.85256
2.674 48.56506613 -156.72165
2.675 48.72160033 -156.6097
2.676 48.87828554 -156.91131
2.677 49.03542294 -157.48
2.678 49.19324553 -157.97068
2.679 49.35136431 -157.86302
2.68 49.50897157 -157.79927
2.681 49.66696285 -158.62355
2.682 49.82621866 -159.17054
2.683 49.98530393 -158.92808
2.684 50.14407482 -159.1225
2.685 50.30354892 -159.67266
2.686 50.46342013 -159.63111
2.687 50.62281115 -159.49958
2.688 50.78241929 -160.336
2.689 50.94348314 -160.80104
2.69 51.10402137 -160.15691
2.691 51.26379695 -160.4754
2.692 51.42497217 -161.3748
2.693 51.58654655 -161.33077
2.694 51.7476337 -161.22107
2.695 51.90898869 -162.08093
2.696 52.07179556 -162.517
2.697 52.23402269 -161.86398
2.698 52.39552352 -162.22674
2.699 52.55847617 -163.10954
2.7 52.7217426 -163.06191
2.701 52.8846 -162.85727
2.702 53.04745714 -162.85715
2.703 53.21031429 -163.03838
2.704 53.37353391 -163.96734
2.705 53.53824897 -164.3974
2.706 53.70232871 -164.05342
2.707 53.86635581 -164.72356
2.708 54.03177583 -165.42538
2.709 54.19720658 -164.89658
2.71 54.36156899 -164.84342
2.711 54.52689342 -165.80916
2.712 54.69318732 -165.77688
2.713 54.85844719 -165.23736
2.714 55.02366204 -166.22047
2.715 55.19088813 -167.13235
2.716 55.35792674 -166.56064
2.717 55.52400941 -166.4943
2.718 55.69091534 -167.08901
2.719 55.85818743 -167.29819
2.72 56.02551173 -167.42277
2.721 56.19303297 -167.93388
2.722 56.36137948 -168.34996
2.723 56.52973288 -168.09598
2.724 56.69757144 -168.20828
2.725 56.86614945 -168.80482
2.726 57.03518108 -169.05642
2.727 57.20426228 -169.1432
2.728 57.37346748 -169.33936
2.729 57.54294101 -169.57198
2.73 57.71261143 -169.69235
2.731 57.88232571 -169.71428
2.732 58.05204 -169.71429
2.733 58.22175429 -170.18321
2.734 58.39240641 -171.10883
2.735 58.56397194 -171.16398
2.736 58.73473438 -170.99468
2.737 58.90596131 -171.94303
2.738 59.07862044 -172.24752
2.739 59.25045634 -171.56807
2.74 59.42175659 -172.02449
2.741 59.59450533 -172.87933
2.742 59.76751525 -172.38527
2.743 59.93927587 -172.20239
2.744 60.11192004 -173.15778
2.745 60.28559144 -173.47869
2.746 60.45887741 -173.19065
2.747 60.63197273 -173.74429
2.748 60.806366 -174.58849
2.749 60.98114972 -174.12399
2.75 61.15461398 -173.93098
2.751 61.32901168 -174.90352
2.752 61.50442102 -175.18605
2.753 61.67938378 -174.89665
2.754 61.85421431 -175.28332
2.755 62.02995041 -175.80369
2.756 62.20582169 -175.63092
2.757 62.38121226 -175.45602
2.758 62.55673372 -175.72692
2.759 62.7326661 -176.36088
2.76 62.90945548 -176.92629
2.761 63.08651869 -177.07157
2.762 63.26359861 -177.15854
2.763 63.44083576 -177.405
2.764 63.61840862 -177.60636
2.765 63.79604849 -177.66784
2.766 63.9737443 -177.97678
2.767 64.15200204 -178.59008
2.768 64.33092447 -178.59246
2.769 64.50918697 -178.35862
2.77 64.68764171 -179.23434
2.771 64.86765564 -179.75913
2.772 65.04715998 -179.05344
2.773 65.22576252 -179.33345
2.774 65.40582688 -180.31099
2.775 65.58638449 -180.24529
2.776 65.76631747 -180.06481
2.777 65.94651412 -180.64319
2.778 66.12760385 -180.98288
2.779 66.30847987 -180.66378
2.78 66.48893141 -181.03676
2.781 66.67055339 -181.99705
2.782 66.8529255 -181.76684
2.783 67.03408707 -181.17561
2.784 67.21527672 -181.39053
2.785 67.39686814 -182.00466
2.786 67.57928603 -183.01419
2.787 67.76289652 -183.03889
2.788 67.94536381 -182.385
2.789 68.12766653 -183.07323
2.79 68.31151026 -183.85793
2.791 68.49538239 -183.58429
2.792 68.67867884 -183.68147
2.793 68.86274534 -184.70888
2.794 69.0480966 -184.78065
2.795 69.23230663 -184.10379
2.796 69.41630419 -184.78436
2.797 69.60187536 -185.53866
2.798 69.7873815 -184.91755
2.799 69.97171045 -184.94168
2.8 70.15726486 -186.35149
2.801 70.34441343 -186.2736
2.802 70.52981205 -185.29329
2.803 70.715 -186.26809
2.804 70.90234823 -187.24175
2.805 71.0894835 -186.56621
2.806 71.27548065 -186.64025
2.807 71.46276399 -187.68419
2.808 71.65084903 -187.778
2.809 71.83832 -187.44977
2.81 72.02574857 -187.42857
2.811 72.21317714 -187.49785
2.812 72.40074427 -188.43947
2.813 72.59005608 -189.09505
2.814 72.77893436 -188.68613
2.815 72.96742833 -188.95331
2.816 73.15684098 -189.57437
2.817 73.34657708 -189.39373
2.818 73.53562845 -189.27526
2.819 73.72512759 -190.27332
2.82 73.91617509 -190.61147
2.821 74.10635053 -189.85823
2.822 74.29589155 -190.34479
2.823 74.48704011 -191.2852
2.824 74.67846195 -191.08211
2.825 74.86920434 -190.96902
2.826 75.06039999 -191.63105
2.827 75.25246644 -191.86448
2.828 75.44412894 -191.50171
2.829 75.63546986 -192.0342
2.83 75.82819735 -192.96322
2.831 76.02139629 -192.48087
2.832 76.21315908 -192.21293
2.833 76.40582215 -193.26031
2.834 76.5996797 -193.56607
2.835 76.79295429 -193.20872
2.836 76.98609714 -193.14285
2.837 77.17924 -193.15122
2.838 77.37239958 -193.97447
2.839 77.56718893 -194.80882
2.84 77.76201721 -194.48976
2.841 77.95616845 -194.55465
2.842 78.15112651 -195.24753
2.843 78.34666351 -195.17136
2.844 78.54146922 -194.93853
2.845 78.73654057 -195.83206
2.846 78.93313335 -196.50364
2.847 79.12954784 -196.15732
2.848 79.32544798 -196.26468
2.849 79.5220772 -196.9649
2.85 79.71937779 -196.65854
2.851 79.91539427 -196.13844
2.852 80.11165466 -197.33274
2.853 80.31005976 -198.14393
2.854 80.50794253 -197.40187
2.855 80.70486349 -197.5938
2.856 80.90313012 -198.64862
2.857 81.10216073 -198.33852
2.858 81.29980716 -197.84417
2.859 81.49784907 -198.80147
2.86 81.69741009 -199.34118
2.861 81.89653143 -198.98924
2.862 82.09538857 -198.85714
2.863 82.29424571 -198.85715
2.864 82.49310286 -199.4999
2.865 82.69324551 -200.46026
2.866 82.89402338 -200.31777
2.867 83.09388104 -200.16892
2.868 83.29436121 -200.88634
2.869 83.49565372 -201.01128
2.87 83.69638377 -200.63504
2.871 83.89692379 -201.32785
2.872 84.09903946 -202.1798
2.873 84.3012834 -201.54698
2.874 84.50213342 -201.43346
2.875 84.70415031 -202.5259
2.876 84.90718521 -202.70591
2.877 85.10956214 -202.33674
2.878 85.31185869 -202.82766
2.879 85.51521746 -203.39299
2.88 85.71864467 -203.06481
2.881 85.92134708 -203.11737
2.882 86.12487941 -204.2185
2.883 86.32978407 -204.26715
2.884 86.5334137 -203.53999
2.885 86.73686406 -204.31744
2.886 86.94204859 -205.09369
2.887 87.14705143 -204.78714
2.888 87.35162286 -204.57143
2.889 87.55619429 -204.57142
2.89 87.76076571 -205.04741
2.891 87.96628911 -206.0884
2.892 88.1729425 -205.81576
2.893 88.37792063 -205.30731
2.894 88.58355712 -206.32361
2.895 88.79056785 -206.80142
2.896 88.99715995 -206.38017
2.897 89.2033282 -206.85072
2.898 89.4108614 -207.8731
2.899 89.6190744 -207.47736
2.9 89.82581612 -207.01028
2.901 90.03309496 -208.05559
2.902 90.24192729 -208.3976
2.903 90.44989016 -207.58928
2.904 90.65710585 -208.05209
2.905 90.86599435 -209.08002
2.906 91.07526589 -208.86878
2.907 91.28373191 -208.71381
2.908 91.4926935 -209.79168
2.909 91.70331528 -210.1185
2.91 91.91293051 -209.29459
2.911 92.12190446 -209.62011
2.912 92.33217072 -210.30491
2.913 92.54251429 -210.31464
2.914 92.7528 -210.28571
2.915 92.96308571 -210.28572
2.916 93.17337143 -210.58272
2.917 93.38425116 -211.69689
2.918 93.59676521 -211.75261
2.919 93.80775637 -210.97221
2.92 94.01870963 -211.81654
2.921 94.23138946 -212.51951
2.922 94.44374866 -211.73148
2.923 94.65485242 -211.95452
2.924 94.86765769 -213.44823
2.925 95.08174889 -213.35353
2.926 95.29436475 -212.66229
2.927 95.50707347 -213.26636
2.928 95.72089746 -213.71647
2.929 95.93450641 -213.26361
2.93 96.14742469 -213.56409
2.931 96.36163458 -214.68605
2.932 96.57679678 -214.71892
2.933 96.79107243 -214.35094
2.934 97.00549867 -214.99449
2.935 97.22106141 -215.44437
2.936 97.4363874 -215.01078
2.937 97.65108297 -215.16622
2.938 97.86671984 -215.935
2.939 98.08295296 -215.85295
2.94 98.29842574 -215.46194
2.941 98.51387685 -215.64637
2.942 98.72971849 -216.18281
2.943 98.94624247 -216.96151
2.944 99.16364151 -217.10402
2.945 99.38045051 -216.6534
2.946 99.59694832 -217.30802
2.947 99.81506655 -218.25814
2.948 100.0334646 -217.66363
2.949 100.2503938 -217.38005
2.95 100.4682247 -218.5283
2.951 100.6874504 -218.6356
2.952 100.9054959 -217.83825
2.953 101.1231269 -218.51585
2.954 101.3425276 -219.46345
2.955 101.5620538 -219.11245
2.956 101.7807525 -219.0997
2.957 102.0002532 -220.26075
2.958 102.221274 -220.3563
2.959 102.4409658 -219.54475
2.96 102.6603635 -220.03005
2.961 102.8810259 -220.67305
2.962 103.1017096 -220.6139
2.963 103.3222537 -220.72595
2.964 103.5431615 -221.53155
2.965 103.7653168 -221.5318
2.966 103.9862251 -220.70445
2.967 104.2067257 -220.97875
2.968 104.4281826 -221.76155
2.969 104.6502488 -222.24655
2.97 104.8726757 -222.39175
2.971 105.0950323 -222.30085
2.972 105.3172774 -222.62545
2.973 105.5402832 -223.3963
2.974 105.76407 -223.28845
2.975 105.9868601 -222.9506
2.976 106.2099712 -223.67445
2.977 106.434209 -224.04245
2.978 106.6580561 -223.55815
2.979 106.8813253 -223.9833
2.98 107.1060227 -225.0906
2.981 107.3315065 -224.66555
2.982 107.5553538 -224.1687
2.983 107.7798439 -225.2471
2.984 108.005848 -225.7436
2.985 108.2313311 -225.25145
2.986 108.4563509 -225.56945
2.987 108.68247 -226.32455
2.988 108.909 -226.0761
2.989 109.1346222 -225.8214
2.99 109.3606428 -226.5764
2.991 109.587775 -226.90105
2.992 109.8144449 -226.4044
2.993 110.0405838 -226.9269
2.994 110.2682987 -227.9796
2.995 110.496543 -227.5458
2.996 110.7233903 -226.8887
2.997 110.9503204 -227.13365
2.998 111.1776576 -227.82865
2.999 111.4059777 -228.9861
3 111.6356298 -228.919
3.001 111.8638157 -228.11985
3.002 112.0918695 -228.98365
3.003 112.321783 -229.7503
3.004 112.5513701 -228.9158
3.005 112.7796146 -228.97665
3.006 113.0093234 -230.17415
3.007 113.2399629 -230.1948
3.008 113.469713 -229.779
3.009 113.6995209 -230.42055
3.01 113.9305541 -230.9647
3.011 114.1614503 -230.49395
3.012 114.391542 -230.6706
3.013 114.6227915 -231.87025
3.014 114.8552825 -231.7356
3.015 115.0862627 -230.9755
3.016 115.3172335 -231.9032
3.017 115.5500691 -232.6107
3.018 115.7824549 -231.74405
3.019 116.0135572 -231.8989
3.02 116.2462527 -233.10035
3.021 116.4797579 -233.05365
3.022 116.71236 -232.58675
3.023 116.9449314 -232.57145
3.024 117.1775029 -232.70155
3.025 117.4103345 -233.85335
3.026 117.6452096 -234.3046
3.027 117.8789437 -233.34975
3.028 118.1119091 -234.11065
3.029 118.347165 -235.44135
3.03 118.5827918 -234.5118
3.031 118.8161886 -234.03065
3.032 119.0508531 -235.59465
3.033 119.2873779 -235.87975
3.034 119.5226126 -234.99975
3.035 119.7573774 -235.42485
3.036 119.9934623 -236.13535
3.037 120.2296481 -235.6944
3.038 120.4648511 -235.67625
3.039 120.7010006 -236.87385
3.04 120.9385988 -237.2074
3.041 121.1754154 -236.6662
3.042 121.4119312 -237.1332
3.043 121.6496818 -237.82645
3.044 121.8875841 -237.11325
3.045 122.1239083 -236.8963
3.046 122.3613767 -238.50925
3.047 122.6009268 -238.5945
3.048 122.8385657 -237.3394
3.049 123.0756056 -237.49595
3.05 123.3135576 -238.33515
3.051 123.5522759 -239.2363
3.052 123.7920302 -239.54425
3.053 124.0313644 -239.00915
3.054 124.2700485 -239.23945
3.055 124.5098433 -240.0797
3.056 124.7502079 -239.83015
3.057 124.9895036 -239.54725
3.058 125.2293024 -240.3229
3.059 125.4701494 -240.76855
3.06 125.7108395 -240.5966
3.061 125.9513426 -240.8122
3.062 126.1924639 -241.296
3.063 126.4339346 -241.3019
3.064 126.6750677 -241.1987
3.065 126.916332 -241.9887
3.066 127.1590451 -242.3434
3.067 127.4010188 -241.40355
3.068 127.6418522 -241.7428
3.069 127.8845044 -242.9341
3.07 128.1277204 -242.70585
3.071 128.3699161 -242.3929
3.072 128.6125062 -243.22205
3.073 128.8563602 -243.5527
3.074 129.0996116 -243.018
3.075 129.3423962 -242.95025
3.076 129.5855121 -243.362
3.077 129.8291202 -244.1819
3.078 130.0738759 -244.747
3.079 130.3186142 -244.2743
3.08 130.5624245 -244.2447
3.081 130.8071036 -245.13325
3.082 131.052691 -245.1546
3.083 131.2974128 -244.6545
3.084 131.542 -245.54285
3.085 131.7884985 -246.4187
3.086 132.0348374 -245.59975
3.087 132.279698 -245.5093
3.088 132.525856 -246.77945
3.089 132.7732569 -246.63935
3.09 133.0191347 -245.84135
3.091 133.2649396 -246.75625
3.092 133.5126472 -247.6116
3.093 133.7601628 -247.0922
3.094 134.0068316 -247.1444
3.095 134.2544516 -248.04165
3.096 134.5029149 -247.9895
3.097 134.7504306 -247.50625
3.098 134.9979274 -248.2029
3.099 135.2468364 -248.75685
3.1 135.4954411 -248.2658
3.101 135.743368 -248.0564
3.102 135.9915539 -248.4104
3.103 136.2401888 -249.1655
3.104 136.4898849 -249.8912
3.105 136.7399712 -249.54815
3.106 136.9889812 -249.2865
3.107 137.2385442 -250.15075
3.108 137.4892827 -250.4145
3.109 137.7393732 -249.83405
3.11 137.9889508 -250.44955
3.111 138.2402723 -251.5605
3.112 138.4920718 -250.94685
3.113 138.742166 -250.5025
3.114 138.9930768 -251.7448
3.115 139.2456556 -251.9916
3.116 139.49706 -251.0419
3.117 139.7477394 -251.62975
3.118 140.0003195 -252.73495
3.119 140.2532093 -252.04885
3.12 140.5044172 -251.7088
3.121 140.7566269 -253.32425
3.122 141.0110657 -253.58765
3.123 141.2638022 -252.25545
3.124 141.5155766 -253.0842
3.125 141.7699706 -254.39565
3.126 142.0243679 -253.4139
3.127 142.2767984 -252.67285
3.128 142.5297136 -253.28405
3.129 142.7833665 -254.1963
3.13 143.0381062 -255.027
3.131 143.2934205 -254.80065
3.132 143.5477075 -254.37455
3.133 143.8021696 -255.1497
3.134 144.0580069 -255.6401
3.135 144.3134498 -255.05235
3.136 144.5681116 -255.232
3.137 144.8239138 -256.1427
3.138 145.080397 -255.97135
3.139 145.3358565 -255.5168
3.14 145.5914306 -256.39215
3.141 145.8486408 -257.2675
