0 0 7986.49
0.0005 -2.19773 2488.48
0.001 -2.48848 504.96
0.0015 -2.70269 393.79
0.002 -2.88227 338.47
0.0025 -3.04116 304.56
0.003 -3.18683 281.24
0.0035 -3.3224 263.24
0.004 -3.45007 248.1
0.0045 -3.5705 235.66
0.005 -3.68573 226.43
0.0055 -3.79693 217.83
0.006 -3.90356 209.35
0.0065 -4.00628 202.89
0.007 -4.10645 198.12
0.0075 -4.2044 193.85
0.008 -4.3003 189.51
0.0085 -4.39391 185.08
0.009 -4.48538 181.14
0.0095 -4.57505 177.64
0.01 -4.66302 173.43
0.0105 -4.74848 168.9
0.011 -4.83192 166.43
0.0115 -4.91491 164.96
0.012 -4.99688 162.06
0.0125 -5.07697 158.7
0.013 -5.15558 156.35
0.0135 -5.23332 154.46
0.014 -5.31004 152.18
0.0145 -5.3855 149.5
0.015 -5.45954 147.01
0.0155 -5.53251 144.97
0.016 -5.60451 142.58
0.0165 -5.67509 140.18
0.017 -5.74469 138.14
0.0175 -5.81323 136.08
0.018 -5.88077 133.9
0.0185 -5.94713 131.91
0.019 -6.01268 130.09
0.0195 -6.07722 127.71
0.02 -6.14039 125.39
0.0205 -6.20261 123.5
0.021 -6.26389 121.64
0.0215 -6.32425 119.88
0.022 -6.38377 117.58
0.0225 -6.44183 114.69
0.023 -6.49846 112.53
0.0235 -6.55436 111.09
0.024 -6.60955 108.92
0.0245 -6.66328 106.34
0.025 -6.71589 104.43
0.0255 -6.76771 102.43
0.026 -6.81832 100.17
0.0265 -6.86788 98.11
0.027 -6.91643 95.96
0.0275 -6.96384 93.77
0.028 -7.0102 91.84
0.0285 -7.05568 89.98
0.029 -7.10018 87.84
0.0295 -7.14352 85.6
0.03 -7.18578 83.28
0.0305 -7.2268 81.06
0.031 -7.26684 79.19
0.0315 -7.30599 77.11
0.032 -7.34395 74.85
0.0325 -7.38084 72.58
0.033 -7.41653 70.53
0.0335 -7.45137 68.75
0.034 -7.48528 66.84
0.0345 -7.51821 65.02
0.035 -7.5503 63.41
0.0355 -7.58162 61.57
0.036 -7.61187 59.68
0.0365 -7.6413 58.08
0.037 -7.66995 56.52
0.0375 -7.69782 55.02
0.038 -7.72497 53.44
0.0385 -7.75126 51.83
0.039 -7.7768 50.6
0.0395 -7.80186 49.27
0.04 -7.82607 47.62
0.0405 -7.84948 46.18
0.041 -7.87225 44.92
0.0415 -7.8944 43.63
0.042 -7.91588 42.2
0.0425 -7.9366 40.57
0.043 -7.95645 39.24
0.0435 -7.97584 38.4
0.044 -7.99485 37.48
0.0445 -8.01332 36.54
0.045 -8.03139 35.92
0.0455 -8.04924 35.15
0.046 -8.06654 33.91
0.0465 -8.08315 32.61
0.047 -8.09915 31.5
0.0475 -8.11465 30.52
0.048 -8.12967 29.86
0.0485 -8.14451 29.42
0.049 -8.15909 28.6
0.0495 -8.17311 27.52
0.05 -8.18661 26.61
0.0505 -8.19972 26.09
0.051 -8.2127 26.04
0.0515 -8.22576 25.8
0.052 -8.2385 25.08
0.0525 -8.25084 24.51
0.053 -8.26301 24.08
0.0535 -8.27492 23.5
0.054 -8.28651 23.17
0.0545 -8.29809 23.12
0.055 -8.30963 22.73
0.0555 -8.32082 22.21
0.056 -8.33184 22.01
0.0565 -8.34283 21.9
0.057 -8.35374 21.85
0.0575 -8.36468 21.84
0.058 -8.37558 21.75
0.0585 -8.38643 21.68
0.059 -8.39726 21.62
0.0595 -8.40805 21.59
0.06 -8.41885 21.7
0.0605 -8.42975 21.83
0.061 -8.44068 21.95
0.0615 -8.4517 22.21
0.062 -8.46289 22.32
0.0625 -8.47402 21.99
0.063 -8.48488 21.71
0.0635 -8.49573 21.81
0.064 -8.50669 21.97
0.0645 -8.5177 21.91
0.065 -8.5286 21.71
0.0655 -8.53941 21.49
0.066 -8.55009 21.38
0.0665 -8.56079 21.44
0.067 -8.57153 21.68
0.0675 -8.58247 21.78
0.068 -8.59331 21.53
0.0685 -8.604 21.44
0.069 -8.61475 21.45
0.0695 -8.62545 21.22
0.07 -8.63597 21.03
0.0705 -8.64648 21.09
0.071 -8.65706 21.08
0.0715 -8.66756 21.02
0.072 -8.67808 20.87
0.0725 -8.68843 20.53
0.073 -8.69861 20.3
0.0735 -8.70873 20.25
0.074 -8.71886 20.11
0.0745 -8.72884 19.92
0.075 -8.73878 19.89
0.0755 -8.74873 19.62
0.076 -8.7584 19.18
0.0765 -8.76791 18.98
0.077 -8.77738 18.72
0.0775 -8.78663 18.32
0.078 -8.7957 18.08
0.0785 -8.80471 17.79
0.079 -8.81349 17.39
0.0795 -8.8221 17.19
0.08 -8.83068 16.92
0.0805 -8.83902 16.61
0.081 -8.84729 16.48
0.0815 -8.8555 16.22
0.082 -8.86351 15.63
0.0825 -8.87113 15.29
0.083 -8.8788 15.1
0.0835 -8.88623 14.62
0.084 -8.89342 14.14
0.0845 -8.90037 13.71
0.085 -8.90713 13.35
0.0855 -8.91372 13.09
0.086 -8.92022 12.68
0.0865 -8.9264 11.98
0.087 -8.9322 11.44
0.0875 -8.93784 11.03
0.088 -8.94323 10.56
0.0885 -8.9484 10.1
0.089 -8.95333 9.59
0.0895 -8.95799 9.08
0.09 -8.96241 8.62
0.0905 -8.96661 8.2
0.091 -8.97061 7.79
0.0915 -8.9744 7.26
0.092 -8.97787 6.64
0.0925 -8.98104 6.12
0.093 -8.98399 5.59
0.0935 -8.98663 5.13
0.094 -8.98912 4.73
0.0945 -8.99136 4.34
0.095 -8.99346 3.83
0.0955 -8.99519 3.16
0.096 -8.99662 2.8
0.0965 -8.99799 2.68
0.097 -8.9993 2.24
0.0975 -9.00023 1.56
0.098 -9.00086 1.25
0.0985 -9.00148 1.01
0.099 -9.00187 0.61
0.0995 -9.00209 0.3
0.1 -9.00217 -0.03
0.1005 -9.00206 -0.37
0.101 -9.0018 -0.71
0.1015 -9.00135 -1.02
0.102 -9.00078 -1.37
0.1025 -8.99998 -1.91
0.103 -8.99887 -2.32
0.1035 -8.99766 -2.59
0.104 -8.99628 -2.88
0.1045 -8.99478 -3.13
0.105 -8.99315 -3.36
0.1055 -8.99142 -3.52
0.106 -8.98963 -3.69
0.1065 -8.98773 -4.02
0.107 -8.98561 -4.46
0.1075 -8.98327 -4.66
0.108 -8.98095 -4.65
0.1085 -8.97862 -4.82
0.109 -8.97613 -5.17
0.1095 -8.97345 -5.33
0.11 -8.9708 -5.5
0.1105 -8.96795 -5.87
0.111 -8.96493 -5.96
0.1115 -8.96199 -5.89
0.112 -8.95904 -6.2
0.1125 -8.95579 -6.58
0.113 -8.95246 -6.79
0.1135 -8.949 -7.04
0.114 -8.94542 -7.15
0.1145 -8.94185 -7.12
0.115 -8.9383 -7.13
0.1155 -8.93472 -7.26
0.116 -8.93104 -7.52
0.1165 -8.9272 -7.83
0.117 -8.92321 -7.93
0.1175 -8.91927 -7.92
0.118 -8.91529 -7.99
0.1185 -8.91128 -8.06
0.119 -8.90723 -8.08
0.1195 -8.9032 -7.98
0.12 -8.89925 -8.05
0.1205 -8.89515 -8.2
0.121 -8.89105 -8.14
0.1215 -8.88701 -8.17
0.122 -8.88288 -8.25
0.1225 -8.87876 -8.19
0.123 -8.87469 -8.25
0.1235 -8.87051 -8.36
0.124 -8.86633 -8.37
0.1245 -8.86214 -8.55
0.125 -8.85778 -8.82
0.1255 -8.85332 -8.88
0.126 -8.8489 -8.83
0.1265 -8.84449 -8.8
0.127 -8.8401 -9
0.1275 -8.83549 -9.19
0.128 -8.83091 -9.22
0.1285 -8.82627 -9.2
0.129 -8.82171 -9.27
0.1295 -8.817 -9.44
0.13 -8.81227 -9.51
0.1305 -8.80749 -9.45
0.131 -8.80282 -9.45
0.1315 -8.79804 -9.66
0.132 -8.79316 -9.79
0.1325 -8.78825 -9.86
0.133 -8.7833 -9.97
0.1335 -8.77828 -10
0.134 -8.7733 -9.98
0.1345 -8.7683 -10.23
0.135 -8.76307 -10.57
0.1355 -8.75773 -10.65
0.136 -8.75242 -10.58
0.1365 -8.74715 -10.65
0.137 -8.74177 -10.94
0.1375 -8.73621 -11.07
0.138 -8.7307 -11.16
0.1385 -8.72505 -11.31
0.139 -8.71939 -11.25
0.1395 -8.7138 -11.32
0.14 -8.70807 -11.6
0.1405 -8.7022 -11.7
0.141 -8.69637 -11.77
0.1415 -8.69043 -11.9
0.142 -8.68447 -12.07
0.1425 -8.67836 -12.21
0.143 -8.67226 -12.34
0.1435 -8.66602 -12.49
0.144 -8.65977 -12.52
0.1445 -8.6535 -12.74
0.145 -8.64703 -12.97
0.1455 -8.64053 -13.07
0.146 -8.63396 -13.28
0.1465 -8.62725 -13.49
0.147 -8.62047 -13.56
0.1475 -8.61369 -13.69
0.148 -8.60678 -13.85
0.1485 -8.59984 -14.04
0.149 -8.59274 -14.28
0.1495 -8.58556 -14.39
0.15 -8.57835 -14.57
0.1505 -8.57099 -14.75
0.151 -8.5636 -14.87
0.1515 -8.55612 -15.07
0.152 -8.54853 -15.29
0.1525 -8.54083 -15.43
0.153 -8.5331 -15.53
0.1535 -8.5253 -15.72
0.154 -8.51738 -15.74
0.1545 -8.50956 -15.73
0.155 -8.50165 -15.98
0.1555 -8.49358 -16.46
0.156 -8.48519 -16.84
0.1565 -8.47674 -16.86
0.157 -8.46833 -16.82
0.1575 -8.45992 -16.96
0.158 -8.45137 -17.21
0.1585 -8.44271 -17.32
0.159 -8.43405 -17.45
0.1595 -8.42526 -17.76
0.16 -8.41629 -17.87
0.1605 -8.40739 -17.83
0.161 -8.39846 -17.96
0.1615 -8.38943 -18.17
0.162 -8.38029 -18.47
0.1625 -8.37096 -18.71
0.163 -8.36158 -18.81
0.1635 -8.35215 -18.87
0.164 -8.34271 -18.9
0.1645 -8.33325 -19.04
0.165 -8.32367 -19.17
0.1655 -8.31408 -19.34
0.166 -8.30433 -19.52
0.1665 -8.29456 -19.56
0.167 -8.28477 -19.64
0.1675 -8.27492 -19.75
0.168 -8.26502 -19.93
0.1685 -8.25499 -20.08
0.169 -8.24494 -20.17
0.1695 -8.23482 -20.23
0.17 -8.22471 -20.29
0.1705 -8.21453 -20.44
0.171 -8.20427 -20.61
0.1715 -8.19392 -20.71
0.172 -8.18356 -20.81
0.1725 -8.17311 -20.93
0.173 -8.16263 -21.1
0.1735 -8.15201 -21.32
0.174 -8.14131 -21.35
0.1745 -8.13066 -21.39
0.175 -8.11992 -21.56
0.1755 -8.1091 -21.71
0.176 -8.09821 -21.83
0.1765 -8.08727 -21.85
0.177 -8.07636 -21.85
0.1775 -8.06542 -21.88
0.178 -8.05448 -22
0.1785 -8.04342 -22.15
0.179 -8.03233 -22.39
0.1795 -8.02103 -22.5
0.18 -8.00983 -22.49
0.1805 -7.99854 -22.61
0.181 -7.98722 -22.77
0.1815 -7.97577 -22.81
0.182 -7.96441 -22.66
0.1825 -7.95311 -22.79
0.183 -7.94162 -23.05
0.1835 -7.93006 -23.19
0.184 -7.91843 -23.31
0.1845 -7.90675 -23.35
0.185 -7.89508 -23.33
0.1855 -7.88342 -23.52
0.186 -7.87156 -23.74
0.1865 -7.85968 -23.76
0.187 -7.8478 -23.76
0.1875 -7.83592 -23.79
0.188 -7.82401 -23.87
0.1885 -7.81205 -24
0.189 -7.80001 -24.15
0.1895 -7.7879 -24.3
0.19 -7.77571 -24.29
0.1905 -7.76361 -24.31
0.191 -7.7514 -24.49
0.1915 -7.73912 -24.45
0.192 -7.72695 -24.51
0.1925 -7.71461 -24.84
0.193 -7.70211 -24.92
0.1935 -7.68969 -24.92
0.194 -7.67719 -25.04
0.1945 -7.66465 -25.17
0.195 -7.65202 -25.26
0.1955 -7.63939 -25.33
0.196 -7.62669 -25.34
0.1965 -7.61405 -25.41
0.197 -7.60128 -25.43
0.1975 -7.58862 -25.37
0.198 -7.57591 -25.53
0.1985 -7.56309 -25.61
0.199 -7.5503 -25.6
0.1995 -7.53749 -25.69
0.2 -7.52461 -25.79
0.2005 -7.5117 -25.89
0.201 -7.49872 -26.03
0.2015 -7.48567 -26.11
0.202 -7.47261 -26.16
0.2025 -7.45951 -26.32
0.203 -7.44629 -26.38
0.2035 -7.43313 -26.39
0.204 -7.4199 -26.56
0.2045 -7.40657 -26.79
0.205 -7.39311 -26.97
0.2055 -7.3796 -26.94
0.206 -7.36617 -26.81
0.2065 -7.35279 -26.74
0.207 -7.33943 -26.8
0.2075 -7.32599 -26.92
0.208 -7.31251 -27.02
0.2085 -7.29897 -27.11
0.209 -7.2854 -27.18
0.2095 -7.27179 -27.22
0.21 -7.25818 -27.17
0.2105 -7.24462 -27.24
0.211 -7.23094 -27.54
0.2115 -7.21708 -27.66
0.212 -7.20328 -27.56
0.2125 -7.18952 -27.6
0.213 -7.17568 -27.7
0.2135 -7.16182 -27.77
0.214 -7.14791 -27.94
0.2145 -7.13388 -28.05
0.215 -7.11986 -28.04
0.2155 -7.10584 -28
0.216 -7.09186 -27.98
0.2165 -7.07786 -27.97
0.217 -7.06389 -28.06
0.2175 -7.0498 -28.17
0.218 -7.03572 -28.27
0.2185 -7.02153 -28.31
0.219 -7.00741 -28.26
0.2195 -6.99327 -28.34
0.22 -6.97907 -28.44
0.2205 -6.96483 -28.57
0.221 -6.9505 -28.7
0.2215 -6.93613 -28.77
0.222 -6.92173 -28.8
0.2225 -6.90733 -28.85
0.223 -6.89288 -29.06
0.2235 -6.87827 -29.2
0.224 -6.86368 -29.11
0.2245 -6.84916 -29.09
0.225 -6.83459 -29.24
0.2255 -6.81992 -29.36
0.226 -6.80523 -29.51
0.2265 -6.79041 -29.61
0.227 -6.77562 -29.56
0.2275 -6.76085 -29.63
0.228 -6.74599 -29.77
0.2285 -6.73108 -29.75
0.229 -6.71624 -29.81
0.2295 -6.70127 -29.97
0.23 -6.68627 -29.95
0.2305 -6.67132 -30
0.231 -6.65627 -30.17
0.2315 -6.64115 -30.24
0.232 -6.62603 -30.26
0.2325 -6.61089 -30.34
0.233 -6.59569 -30.33
0.2335 -6.58056 -30.36
0.234 -6.56533 -30.53
0.2345 -6.55003 -30.63
0.235 -6.5347 -30.62
0.2355 -6.51941 -30.65
0.236 -6.50405 -30.77
0.2365 -6.48864 -30.93
0.237 -6.47312 -31.08
0.2375 -6.45756 -30.97
0.238 -6.44215 -30.89
0.2385 -6.42667 -30.96
0.239 -6.41119 -31.11
0.2395 -6.39556 -31.24
0.24 -6.37995 -31.23
0.2405 -6.36433 -31.39
0.241 -6.34856 -31.51
0.2415 -6.33282 -31.4
0.242 -6.31716 -31.37
0.2425 -6.30145 -31.57
0.243 -6.28559 -31.8
0.2435 -6.26965 -31.85
0.244 -6.25374 -31.78
0.2445 -6.23787 -31.84
0.245 -6.2219 -31.97
0.2455 -6.2059 -31.96
0.246 -6.18994 -32
0.2465 -6.1739 -32.14
0.247 -6.1578 -32.3
0.2475 -6.1416 -32.35
0.248 -6.12545 -32.32
0.2485 -6.10928 -32.43
0.249 -6.09302 -32.54
0.2495 -6.07674 -32.6
0.25 -6.06042 -32.52
0.2505 -6.04422 -32.49
0.251 -6.02793 -32.62
0.2515 -6.0116 -32.65
0.252 -5.99528 -32.62
0.2525 -5.97898 -32.65
0.253 -5.96263 -32.79
0.2535 -5.94619 -32.75
0.254 -5.92988 -32.67
0.2545 -5.91352 -32.82
0.255 -5.89706 -32.86
0.2555 -5.88066 -32.94
0.256 -5.86412 -33.12
0.2565 -5.84754 -33.17
0.257 -5.83095 -33.09
0.2575 -5.81445 -33.12
0.258 -5.79783 -33.28
0.2585 -5.78117 -33.24
0.259 -5.76459 -33.11
0.2595 -5.74806 -33.16
0.26 -5.73143 -33.26
0.2605 -5.7148 -33.24
0.261 -5.69819 -33.36
0.2615 -5.68144 -33.47
0.262 -5.66472 -33.48
0.2625 -5.64796 -33.57
0.263 -5.63115 -33.58
0.2635 -5.61438 -33.52
0.264 -5.59763 -33.57
0.2645 -5.58081 -33.62
0.265 -5.56401 -33.63
0.2655 -5.54718 -33.71
0.266 -5.5303 -33.72
0.2665 -5.51346 -33.62
0.267 -5.49668 -33.65
0.2675 -5.47981 -33.8
0.268 -5.46288 -33.79
0.2685 -5.44602 -33.72
0.269 -5.42916 -33.71
0.2695 -5.41231 -33.75
0.27 -5.39541 -33.96
0.2705 -5.37835 -34.06
0.271 -5.36135 -33.96
0.2715 -5.34439 -33.95
0.272 -5.3274 -33.91
0.2725 -5.31048 -33.86
0.273 -5.29354 -33.96
0.2735 -5.27652 -34.15
0.274 -5.25939 -34.23
0.2745 -5.24229 -34.11
0.275 -5.22528 -34.08
0.2755 -5.20821 -34.14
0.276 -5.19114 -34.22
0.2765 -5.17399 -34.2
0.277 -5.15694 -34.11
0.2775 -5.13988 -34.14
0.278 -5.1228 -34.21
0.2785 -5.10567 -34.33
0.279 -5.08847 -34.45
0.2795 -5.07122 -34.5
0.28 -5.05397 -34.52
0.2805 -5.0367 -34.57
0.281 -5.0194 -34.62
0.2815 -5.00208 -34.6
0.282 -4.9848 -34.54
0.2825 -4.96754 -34.61
0.283 -4.95019 -34.75
0.2835 -4.93279 -34.85
0.284 -4.91534 -34.94
0.2845 -4.89785 -34.97
0.285 -4.88037 -34.97
0.2855 -4.86288 -35.07
0.286 -4.8453 -35.13
0.2865 -4.82775 -35.18
0.287 -4.81012 -35.38
0.2875 -4.79237 -35.42
0.288 -4.7747 -35.34
0.2885 -4.75703 -35.38
0.289 -4.73932 -35.45
0.2895 -4.72158 -35.55
0.29 -4.70377 -35.6
0.2905 -4.68598 -35.66
0.291 -4.66811 -35.69
0.2915 -4.65029 -35.65
0.292 -4.63246 -35.74
0.2925 -4.61455 -35.88
0.293 -4.59658 -35.95
0.2935 -4.5786 -36
0.294 -4.56058 -36.15
0.2945 -4.54245 -36.26
0.295 -4.52432 -36.3
0.2955 -4.50615 -36.51
0.296 -4.48781 -36.75
0.2965 -4.4694 -36.8
0.297 -4.45101 -36.73
0.2975 -4.43267 -36.72
0.298 -4.41429 -36.84
0.2985 -4.39583 -36.99
0.299 -4.3773 -37.19
0.2995 -4.35864 -37.34
0.3 -4.33996 -37.33
0.3005 -4.32131 -37.33
0.301 -4.30263 -37.45
0.3015 -4.28386 -37.58
0.302 -4.26505 -37.71
0.3025 -4.24615 -37.77
0.303 -4.22728 -37.85
0.3035 -4.2083 -37.95
0.304 -4.18933 -38
0.3045 -4.1703 -38.12
0.305 -4.15121 -38.21
0.3055 -4.13209 -38.23
0.306 -4.11298 -38.24
0.3065 -4.09385 -38.23
0.307 -4.07475 -38.32
0.3075 -4.05553 -38.44
0.308 -4.03631 -38.51
0.3085 -4.01702 -38.59
0.309 -3.99772 -38.76
0.3095 -3.97826 -38.81
0.31 -3.95891 -38.78
0.3105 -3.93948 -38.86
0.311 -3.92005 -38.99
0.3115 -3.90049 -39.12
0.312 -3.88093 -39.08
0.3125 -3.86141 -39.07
0.313 -3.84186 -39.18
0.3135 -3.82223 -39.26
0.314 -3.8026 -39.32
0.3145 -3.78291 -39.45
0.315 -3.76315 -39.43
0.3155 -3.74348 -39.37
0.316 -3.72378 -39.4
0.3165 -3.70408 -39.51
0.317 -3.68427 -39.62
0.3175 -3.66446 -39.63
0.318 -3.64464 -39.72
0.3185 -3.62474 -39.78
0.319 -3.60486 -39.75
0.3195 -3.58499 -39.73
0.32 -3.56513 -39.73
0.3205 -3.54526 -39.68
0.321 -3.52545 -39.71
0.3215 -3.50555 -39.84
0.322 -3.48561 -39.88
0.3225 -3.46567 -39.96
0.323 -3.44565 -39.99
0.3235 -3.42568 -39.93
0.324 -3.40572 -39.92
0.3245 -3.38576 -39.92
0.325 -3.3658 -40.04
0.3255 -3.34572 -40.16
0.326 -3.32564 -40.1
0.3265 -3.30562 -40
0.327 -3.28564 -39.92
0.3275 -3.2657 -39.89
0.328 -3.24575 -39.97
0.3285 -3.22573 -40.08
0.329 -3.20567 -40.09
0.3295 -3.18564 -40.08
0.33 -3.16559 -40.08
0.3305 -3.14556 -40.01
0.331 -3.12558 -40.08
0.3315 -3.10548 -40.09
0.332 -3.08549 -39.9
0.3325 -3.06558 -39.87
0.333 -3.04562 -40.04
0.3335 -3.02554 -40.1
0.334 -3.00552 -40.09
0.3345 -2.98545 -40.09
0.335 -2.96543 -39.97
0.3355 -2.94548 -40.01
0.336 -2.92542 -40.08
0.3365 -2.9054 -39.96
0.337 -2.88546 -39.9
0.3375 -2.8655 -40
0.338 -2.84546 -40.06
0.3385 -2.82544 -40.14
0.339 -2.80532 -40.19
0.3395 -2.78525 -40.08
0.34 -2.76524 -39.98
0.3405 -2.74527 -40
0.341 -2.72524 -40.1
0.3415 -2.70517 -40.14
0.342 -2.6851 -40.1
0.3425 -2.66507 -40.15
0.343 -2.64495 -40.17
0.3435 -2.6249 -40.1
0.344 -2.60485 -40.15
0.3445 -2.58475 -40.12
0.345 -2.56473 -40.11
0.3455 -2.54464 -40.25
0.346 -2.52448 -40.31
0.3465 -2.50433 -40.29
0.347 -2.48419 -40.17
0.3475 -2.46416 -40.11
0.348 -2.44408 -40.2
0.3485 -2.42396 -40.19
0.349 -2.40389 -40.24
0.3495 -2.38372 -40.38
0.35 -2.36351 -40.33
0.3505 -2.34339 -40.29
0.351 -2.32322 -40.4
0.3515 -2.30299 -40.38
0.352 -2.28284 -40.28
0.3525 -2.26271 -40.28
0.353 -2.24256 -40.41
0.3535 -2.2223 -40.51
0.354 -2.20205 -40.47
0.3545 -2.18183 -40.5
0.355 -2.16155 -40.57
0.3555 -2.14126 -40.58
0.356 -2.12097 -40.54
0.3565 -2.10072 -40.54
0.357 -2.08043 -40.61
0.3575 -2.06011 -40.71
0.358 -2.03972 -40.78
0.3585 -2.01933 -40.71
0.359 -1.99901 -40.78
0.3595 -1.97855 -40.86
0.36 -1.95815 -40.84
0.3605 -1.93771 -40.86
0.361 -1.91729 -40.98
0.3615 -1.89673 -41.19
0.362 -1.8761 -41.24
0.3625 -1.85549 -41.18
0.363 -1.83492 -41.11
0.3635 -1.81438 -41.08
0.364 -1.79384 -41.21
0.3645 -1.77317 -41.3
0.365 -1.75254 -41.27
0.3655 -1.7319 -41.23
0.366 -1.71131 -41.23
0.3665 -1.69067 -41.27
0.367 -1.67004 -41.26
0.3675 -1.64941 -41.29
0.368 -1.62875 -41.41
0.3685 -1.608 -41.49
0.369 -1.58726 -41.42
0.3695 -1.56658 -41.38
0.37 -1.54588 -41.45
0.3705 -1.52513 -41.49
0.371 -1.50439 -41.56
0.3715 -1.48357 -41.67
0.372 -1.46272 -41.68
0.3725 -1.44189 -41.72
0.373 -1.421 -41.8
0.3735 -1.40009 -41.86
0.374 -1.37914 -41.87
0.3745 -1.35822 -41.85
0.375 -1.33729 -41.81
0.3755 -1.31641 -41.8
0.376 -1.29549 -41.92
0.3765 -1.27449 -41.99
0.377 -1.2535 -42.08
0.3775 -1.23241 -42.13
0.378 -1.21137 -42.14
0.3785 -1.19027 -42.15
0.379 -1.16922 -42.11
0.3795 -1.14816 -42.14
0.38 -1.12708 -42.19
0.3805 -1.10597 -42.22
0.381 -1.08486 -42.18
0.3815 -1.06379 -42.1
0.382 -1.04276 -42.05
0.3825 -1.02174 -42.14
0.383 -1.00062 -42.333
0.3835 -0.979407 -42.397
0.384 -0.958223 -42.41
0.3845 -0.936997 -42.367
0.385 -0.915856 -42.391
0.3855 -0.894606 -42.515
0.386 -0.873341 -42.542
0.3865 -0.852064 -42.486
0.387 -0.830855 -42.487
0.3875 -0.809577 -42.636
0.388 -0.788219 -42.756
0.3885 -0.766821 -42.741
0.389 -0.745478 -42.742
0.3895 -0.724079 -42.806
0.39 -0.702672 -42.781
0.3905 -0.681298 -42.687
0.391 -0.659985 -42.702
0.3915 -0.638596 -42.738
0.392 -0.617247 -42.804
0.3925 -0.595792 -42.843
0.393 -0.574404 -42.848
0.3935 -0.552944 -42.853
0.394 -0.531551 -42.907
0.3945 -0.510037 -43.035
0.395 -0.488516 -42.971
0.3955 -0.467066 -42.909
0.396 -0.445607 -42.959
0.3965 -0.424107 -42.991
0.397 -0.402616 -43.079
0.3975 -0.381028 -43.169
0.398 -0.359447 -43.195
0.3985 -0.337833 -43.134
0.399 -0.316313 -43.142
0.3995 -0.294691 -43.25
0.4 -0.273063 -43.226
0.4005 -0.251465 -43.278
0.401 -0.229785 -43.375
0.4015 -0.20809 -43.372
0.402 -0.186413 -43.362
0.4025 -0.164728 -43.476
0.403 -0.142937 -43.648
0.4035 -0.12108 -43.6086
0.404 -0.0993284 -43.5418
0.4045 -0.0775382 -43.5704
0.405 -0.055758 -43.5429
0.4055 -0.0339953 -43.644
0.406 -0.012114 -43.7465
0.4065 0.0097512 -43.7764
0.407 0.0316624 -43.8163
0.4075 0.0535675 -43.7843
0.408 0.0754467 -43.8832
0.4085 0.0974507 -43.9443
0.409 0.119391 -43.9453
0.4095 0.141396 -44.055
0.41 0.163446 -43.96
0.4105 0.185356 -43.919
0.411 0.207365 -44.064
0.4115 0.22942 -44.1
0.412 0.251465 -44.032
0.4125 0.273452 -44.144
0.413 0.295609 -44.267
0.4135 0.317719 -44.307
0.414 0.339916 -44.498
0.4145 0.362217 -44.439
0.415 0.384355 -44.25
0.4155 0.406467 -44.344
0.416 0.428699 -44.506
0.4165 0.450973 -44.532
0.417 0.473231 -44.591
0.4175 0.495564 -44.676
0.418 0.517907 -44.746
0.4185 0.54031 -44.788
0.419 0.562695 -44.791
0.4195 0.585101 -44.84
0.42 0.607535 -44.897
0.4205 0.629998 -44.92
0.421 0.652455 -44.982
0.4215 0.67498 -44.994
0.422 0.697449 -44.983
0.4225 0.719963 -45.032
0.423 0.742481 -45.152
0.4235 0.765115 -45.317
0.424 0.787798 -45.293
0.4245 0.810408 -45.214
0.425 0.833012 -45.239
0.4255 0.855647 -45.36
0.426 0.878372 -45.396
0.4265 0.901043 -45.428
0.427 0.9238 -45.528
0.4275 0.946571 -45.477
0.428 0.969277 -45.444
0.4285 0.992015 -45.413
0.429 1.01469 -45.365
0.4295 1.03738 -45.43
0.43 1.06012 -45.56
0.4305 1.08294 -45.7
0.431 1.10582 -45.72
0.4315 1.12866 -45.64
0.432 1.15146 -45.66
0.4325 1.17432 -45.7
0.433 1.19716 -45.71
0.4335 1.22003 -45.72
0.434 1.24288 -45.62
0.4345 1.26565 -45.62
0.435 1.2885 -45.76
0.4355 1.31141 -45.76
0.436 1.33426 -45.74
0.4365 1.35715 -45.73
0.437 1.37999 -45.69
0.4375 1.40284 -45.75
0.438 1.42574 -45.77
0.4385 1.44861 -45.75
0.439 1.47149 -45.86
0.4395 1.49447 -45.91
0.44 1.5174 -45.78
0.4405 1.54025 -45.72
0.441 1.56312 -45.74
0.4415 1.58599 -45.78
0.442 1.6089 -45.73
0.4425 1.63172 -45.68
0.443 1.65458 -45.74
0.4435 1.67746 -45.72
0.444 1.7003 -45.7
0.4445 1.72316 -45.65
0.445 1.74595 -45.6
0.4455 1.76876 -45.64
0.446 1.79159 -45.59
0.4465 1.81435 -45.57
0.447 1.83716 -45.64
0.4475 1.85999 -45.67
0.448 1.88283 -45.69
0.4485 1.90568 -45.6
0.449 1.92843 -45.46
0.4495 1.95114 -45.41
0.45 1.97384 -45.41
0.4505 1.99655 -45.43
0.451 2.01927 -45.38
0.4515 2.04193 -45.36
0.452 2.06463 -45.39
0.4525 2.08732 -45.32
0.453 2.10995 -45.27
0.4535 2.13259 -45.24
0.454 2.15519 -45.22
0.4545 2.17781 -45.25
0.455 2.20044 -45.27
0.4555 2.22308 -45.29
0.456 2.24573 -45.29
0.4565 2.26837 -45.25
0.457 2.29098 -45.19
0.4575 2.31356 -45.09
0.458 2.33607 -44.97
0.4585 2.35853 -44.93
0.459 2.381 -44.91
0.4595 2.40344 -44.97
0.46 2.42597 -45.09
0.4605 2.44853 -45.14
0.461 2.47111 -45.16
0.4615 2.49369 -45.11
0.462 2.51622 -45.06
0.4625 2.53875 -45.06
0.463 2.56128 -45.03
0.4635 2.58378 -45.01
0.464 2.60629 -45.04
0.4645 2.62882 -45.07
0.465 2.65136 -45.16
0.4655 2.67398 -45.24
0.466 2.6966 -45.22
0.4665 2.7192 -45.17
0.467 2.74177 -45.14
0.4675 2.76434 -45.14
0.468 2.78691 -45.19
0.4685 2.80953 -45.24
0.469 2.83215 -45.24
0.4695 2.85477 -45.23
0.47 2.87738 -45.27
0.4705 2.90004 -45.32
0.471 2.9227 -45.32
0.4715 2.94536 -45.32
0.472 2.96802 -45.34
0.4725 2.9907 -45.4
0.473 3.01342 -45.41
0.4735 3.03611 -45.45
0.474 3.05887 -45.53
0.4745 3.08164 -45.47
0.475 3.10434 -45.42
0.4755 3.12706 -45.57
0.476 3.14991 -45.74
0.4765 3.1728 -45.77
0.477 3.19568 -45.78
0.4775 3.21858 -45.75
0.478 3.24143 -45.72
0.4785 3.2643 -45.75
0.479 3.28718 -45.77
0.4795 3.31007 -45.76
0.48 3.33294 -45.74
0.4805 3.35581 -45.76
0.481 3.3787 -45.82
0.4815 3.40163 -45.87
0.482 3.42457 -45.93
0.4825 3.44756 -46.02
0.483 3.47059 -46.05
0.4835 3.49361 -46.09
0.484 3.51668 -46.15
0.4845 3.53976 -46.15
0.485 3.56283 -46.17
0.4855 3.58593 -46.26
0.486 3.60909 -46.35
0.4865 3.63228 -46.4
0.487 3.65549 -46.39
0.4875 3.67867 -46.33
0.488 3.70182 -46.36
0.4885 3.72503 -46.49
0.489 3.74831 -46.54
0.4895 3.77157 -46.55
0.49 3.79486 -46.61
0.4905 3.81818 -46.66
0.491 3.84152 -46.7
0.4915 3.86488 -46.81
0.492 3.88833 -46.93
0.4925 3.91181 -46.96
0.493 3.93529 -46.87
0.4935 3.95868 -46.79
0.494 3.98208 -46.91
0.4945 4.00559 -47.1
0.495 4.02918 -47.19
0.4955 4.05278 -47.18
0.496 4.07636 -47.11
0.4965 4.09989 -47.11
0.497 4.12347 -47.21
0.4975 4.1471 -47.22
0.498 4.17069 -47.22
0.4985 4.19432 -47.29
0.499 4.21798 -47.27
0.4995 4.24159 -47.21
0.5 4.26519 -47.25
0.5005 4.28884 -47.38
0.501 4.31257 -47.47
0.5015 4.33631 -47.48
0.502 4.36005 -47.55
0.5025 4.38386 -47.67
0.503 4.40772 -47.75
0.5035 4.43161 -47.79
0.504 4.45551 -47.82
0.5045 4.47943 -47.86
0.505 4.50337 -47.87
0.5055 4.5273 -47.85
0.506 4.55122 -47.92
0.5065 4.57522 -47.97
0.507 4.59919 -47.89
0.5075 4.62311 -47.88
0.508 4.64707 -47.99
0.5085 4.6711 -48.13
0.509 4.6952 -48.23
0.5095 4.71933 -48.25
0.51 4.74345 -48.26
0.5105 4.76759 -48.25
0.511 4.7917 -48.24
0.5115 4.81583 -48.3
0.512 4.84 -48.32
0.5125 4.86415 -48.36
0.513 4.88836 -48.42
0.5135 4.91257 -48.41
0.514 4.93677 -48.45
0.5145 4.96102 -48.5
0.515 4.98527 -48.52
0.5155 5.00954 -48.56
0.516 5.03383 -48.63
0.5165 5.05817 -48.65
0.517 5.08248 -48.62
0.5175 5.10679 -48.67
0.518 5.13115 -48.74
0.5185 5.15553 -48.8
0.519 5.17995 -48.83
0.5195 5.20436 -48.74
0.52 5.22869 -48.66
0.5205 5.25302 -48.72
0.521 5.27741 -48.75
0.5215 5.30177 -48.67
0.522 5.32608 -48.66
0.5225 5.35043 -48.74
0.523 5.37482 -48.76
0.5235 5.39919 -48.75
0.524 5.42357 -48.81
0.5245 5.448 -48.84
0.525 5.47241 -48.76
0.5255 5.49676 -48.71
0.526 5.52112 -48.7
0.5265 5.54546 -48.73
0.527 5.56985 -48.78
0.5275 5.59424 -48.7
0.528 5.61855 -48.6
0.5285 5.64284 -48.59
0.529 5.66714 -48.61
0.5295 5.69145 -48.62
0.53 5.71576 -48.65
0.5305 5.7401 -48.66
0.531 5.76442 -48.57
0.5315 5.78867 -48.47
0.532 5.81289 -48.42
0.5325 5.83709 -48.46
0.533 5.86135 -48.5
0.5335 5.88559 -48.45
0.534 5.9098 -48.39
0.5345 5.93398 -48.3
0.535 5.9581 -48.2
0.5355 5.98218 -48.13
0.536 6.00623 -48.07
0.5365 6.03025 -48.04
0.537 6.05427 -48.05
0.5375 6.0783 -48.02
0.538 6.10229 -47.94
0.5385 6.12624 -47.87
0.539 6.15016 -47.81
0.5395 6.17405 -47.78
0.54 6.19794 -47.77
0.5405 6.22182 -47.69
0.541 6.24563 -47.59
0.5415 6.26941 -47.59
0.542 6.29322 -47.6
0.5425 6.31701 -47.56
0.543 6.34078 -47.56
0.5435 6.36457 -47.53
0.544 6.38831 -47.43
0.5445 6.412 -47.35
0.545 6.43566 -47.31
0.5455 6.45931 -47.25
0.546 6.48291 -47.22
0.5465 6.50653 -47.24
0.547 6.53015 -47.18
0.5475 6.55371 -47.14
0.548 6.57729 -47.13
0.5485 6.60084 -47.07
0.549 6.62436 -47.04
0.5495 6.64788 -47.02
0.55 6.67138 -47.04
0.5505 6.69492 -47.08
0.551 6.71846 -47
0.5515 6.74192 -46.92
0.552 6.76538 -46.92
0.5525 6.78884 -46.95
0.553 6.81233 -47
0.5535 6.83584 -46.98
0.554 6.85931 -46.97
0.5545 6.88281 -47.05
0.555 6.90636 -47.08
0.5555 6.92989 -47.01
0.556 6.95337 -46.96
0.5565 6.97685 -47.02
0.557 7.00039 -47.06
0.5575 7.02391 -47.04
0.558 7.04743 -47.08
0.5585 7.07099 -47.12
0.559 7.09455 -47.11
0.5595 7.1181 -47.08
0.56 7.14163 -47.02
0.5605 7.16512 -47.03
0.561 7.18866 -47.12
0.5615 7.21224 -47.19
0.562 7.23585 -47.27
0.5625 7.25951 -47.33
0.563 7.28318 -47.33
0.5635 7.30684 -47.38
0.564 7.33056 -47.44
0.5645 7.35428 -47.45
0.565 7.37801 -47.49
0.5655 7.40177 -47.53
0.566 7.42554 -47.57
0.5665 7.44934 -47.66
0.567 7.4732 -47.74
0.5675 7.49708 -47.79
0.568 7.52099 -47.82
0.5685 7.5449 -47.85
0.569 7.56884 -47.9
0.5695 7.5928 -47.94
0.57 7.61678 -48.06
0.5705 7.64086 -48.23
0.571 7.66501 -48.29
0.5715 7.68915 -48.32
0.572 7.71333 -48.4
0.5725 7.73755 -48.41
0.573 7.76174 -48.44
0.5735 7.78599 -48.6
0.574 7.81034 -48.75
0.5745 7.83474 -48.81
0.575 7.85915 -48.83
0.5755 7.88357 -48.82
0.576 7.90797 -48.86
0.5765 7.93243 -48.96
0.577 7.95693 -49.01
0.5775 7.98144 -49.08
0.578 8.00601 -49.12
0.5785 8.03056 -49.05
0.579 8.05506 -49.07
0.5795 8.07963 -49.2
0.58 8.10426 -49.27
0.5805 8.1289 -49.29
0.581 8.15355 -49.29
0.5815 8.17819 -49.27
0.582 8.20282 -49.24
0.5825 8.22743 -49.25
0.583 8.25207 -49.34
0.5835 8.27677 -49.42
0.584 8.30149 -49.45
0.5845 8.32622 -49.46
0.585 8.35095 -49.48
0.5855 8.3757 -49.51
0.586 8.40046 -49.53
0.5865 8.42523 -49.57
0.587 8.45003 -49.6
0.5875 8.47483 -49.59
0.588 8.49962 -49.63
0.5885 8.52446 -49.69
0.589 8.54931 -49.64
0.5895 8.5741 -49.63
0.59 8.59894 -49.73
0.5905 8.62383 -49.8
0.591 8.64874 -49.82
0.5915 8.67365 -49.81
0.592 8.69855 -49.75
0.5925 8.7234 -49.66
0.593 8.74821 -49.6
0.5935 8.773 -49.62
0.594 8.79783 -49.74
0.5945 8.82274 -49.82
0.595 8.84765 -49.81
0.5955 8.87255 -49.78
0.596 8.89743 -49.76
0.5965 8.92231 -49.72
0.597 8.94715 -49.69
0.5975 8.972 -49.77
0.598 8.99692 -49.8
0.5985 9.0218 -49.72
0.599 9.04664 -49.68
0.5995 9.07148 -49.63
0.6 9.09627 -49.55
0.6005 9.12103 -49.59
0.601 9.14586 -49.64
0.6015 9.17067 -49.56
0.602 9.19542 -49.54
0.6025 9.22021 -49.55
0.603 9.24497 -49.51
0.6035 9.26972 -49.5
0.604 9.29447 -49.53
0.6045 9.31925 -49.58
0.605 9.34405 -49.56
0.6055 9.36881 -49.47
0.606 9.39352 -49.45
0.6065 9.41826 -49.48
0.607 9.443 -49.42
0.6075 9.46768 -49.34
0.608 9.49234 -49.34
0.6085 9.51702 -49.42
0.609 9.54176 -49.48
0.6095 9.5665 -49.45
0.61 9.59121 -49.39
0.6105 9.61589 -49.38
0.611 9.64059 -49.42
0.6115 9.66531 -49.47
0.612 9.69006 -49.47
0.6125 9.71478 -49.43
0.613 9.73949 -49.44
0.6135 9.76422 -49.4
0.614 9.78889 -49.34
0.6145 9.81356 -49.38
0.615 9.83827 -49.39
0.6155 9.86295 -49.37
0.616 9.88764 -49.42
0.6165 9.91237 -49.41
0.617 9.93705 -49.36
0.6175 9.96173 -49.38
0.618 9.98643 -49.47
0.6185 10.0112 -49.37
0.619 10.0358 -49.3
0.6195 10.0605 -49.4
0.62 10.0852 -49.5
0.6205 10.11 -49.5
0.621 10.1347 -49.5
0.6215 10.1595 -49.5
0.622 10.1842 -49.5
0.6225 10.209 -49.6
0.623 10.2338 -49.5
0.6235 10.2585 -49.5
0.624 10.2833 -49.6
0.6245 10.3081 -49.6
0.625 10.3329 -49.6
0.6255 10.3577 -49.7
0.626 10.3826 -49.8
0.6265 10.4075 -49.7
0.627 10.4323 -49.6
0.6275 10.4571 -49.7
0.628 10.482 -49.7
0.6285 10.5068 -49.7
0.629 10.5317 -49.8
0.6295 10.5566 -49.8
0.63 10.5815 -49.7
0.6305 10.6063 -49.7
0.631 10.6312 -49.8
0.6315 10.6561 -49.8
0.632 10.681 -49.8
0.6325 10.7059 -49.8
0.633 10.7308 -49.9
0.6335 10.7558 -49.9
0.634 10.7807 -49.8
0.6345 10.8056 -49.8
0.635 10.8305 -49.8
0.6355 10.8554 -49.9
0.636 10.8804 -49.9
0.6365 10.9053 -49.9
0.637 10.9303 -49.9
0.6375 10.9552 -49.9
0.638 10.9802 -50
0.6385 11.0052 -50.1
0.639 11.0303 -50.1
0.6395 11.0553 -50
0.64 11.0803 -50
0.6405 11.1053 -50.1
0.641 11.1304 -50.2
0.6415 11.1555 -50.2
0.642 11.1806 -50.2
0.6425 11.2057 -50.2
0.643 11.2308 -50.2
0.6435 11.2559 -50.2
0.644 11.281 -50.2
0.6445 11.3061 -50.2
0.645 11.3312 -50.3
0.6455 11.3564 -50.3
0.646 11.3815 -50.2
0.6465 11.4066 -50.3
0.647 11.4318 -50.3
0.6475 11.4569 -50.3
0.648 11.4821 -50.4
0.6485 11.5073 -50.3
0.649 11.5324 -50.3
0.6495 11.5576 -50.3
0.65 11.5827 -50.3
0.6505 11.6079 -50.4
0.651 11.6331 -50.4
0.6515 11.6583 -50.5
0.652 11.6836 -50.5
0.6525 11.7088 -50.5
0.653 11.7341 -50.5
0.6535 11.7593 -50.4
0.654 11.7845 -50.5
0.6545 11.8098 -50.6
0.655 11.8351 -50.5
0.6555 11.8603 -50.4
0.656 11.8855 -50.4
0.6565 11.9107 -50.5
0.657 11.936 -50.5
0.6575 11.9612 -50.4
0.658 11.9864 -50.5
0.6585 12.0117 -50.5
0.659 12.0369 -50.5
0.6595 12.0622 -50.5
0.66 12.0874 -50.4
0.6605 12.1126 -50.4
0.661 12.1378 -50.5
0.6615 12.1631 -50.7
0.662 12.1885 -50.7
0.6625 12.2138 -50.5
0.663 12.239 -50.5
0.6635 12.2643 -50.6
0.664 12.2896 -50.7
0.6645 12.315 -50.7
0.665 12.3403 -50.6
0.6655 12.3656 -50.6
0.666 12.3909 -50.6
0.6665 12.4162 -50.6
0.667 12.4415 -50.6
0.6675 12.4668 -50.7
0.668 12.4922 -50.8
0.6685 12.5176 -50.7
0.669 12.5429 -50.6
0.6695 12.5682 -50.6
0.67 12.5935 -50.5
0.6705 12.6187 -50.6
0.671 12.6441 -50.7
0.6715 12.6694 -50.6
0.672 12.6947 -50.7
0.6725 12.7201 -50.7
0.673 12.7454 -50.7
0.6735 12.7708 -50.7
0.674 12.7961 -50.7
0.6745 12.8215 -50.8
0.675 12.8469 -50.7
0.6755 12.8722 -50.6
0.676 12.8975 -50.7
0.6765 12.9229 -50.7
0.677 12.9482 -50.8
0.6775 12.9737 -50.8
0.678 12.999 -50.7
0.6785 13.0244 -50.7
0.679 13.0497 -50.7
0.6795 13.0751 -50.8
0.68 13.1005 -50.7
0.6805 13.1258 -50.7
0.681 13.1512 -50.8
0.6815 13.1766 -50.8
0.682 13.202 -50.8
0.6825 13.2274 -50.8
0.683 13.2528 -50.9
0.6835 13.2783 -50.9
0.684 13.3037 -50.9
0.6845 13.3292 -51
0.685 13.3547 -50.9
0.6855 13.3801 -50.9
0.686 13.4056 -50.9
0.6865 13.431 -50.8
0.687 13.4564 -50.8
0.6875 13.4818 -50.9
0.688 13.5073 -50.9
0.6885 13.5327 -51
0.689 13.5583 -51.1
0.6895 13.5838 -51
0.69 13.6093 -51
0.6905 13.6348 -51
0.691 13.6603 -51
0.6915 13.6858 -51.1
0.692 13.7114 -51
0.6925 13.7368 -51
0.693 13.7624 -51.1
0.6935 13.7879 -51
0.694 13.8134 -51.1
0.6945 13.839 -51.1
0.695 13.8645 -51.1
0.6955 13.8901 -51.2
0.696 13.9157 -51.3
0.6965 13.9414 -51.3
0.697 13.967 -51.2
0.6975 13.9926 -51.1
0.698 14.0181 -51.1
0.6985 14.0437 -51.2
0.699 14.0693 -51.1
0.6995 14.0948 -51.1
0.7 14.1204 -51.2
0.7005 14.146 -51.1
0.701 14.1715 -51.1
0.7015 14.1971 -51.2
0.702 14.2227 -51.2
0.7025 14.2483 -51.3
0.703 14.274 -51.3
0.7035 14.2996 -51.2
0.704 14.3252 -51.3
0.7045 14.3509 -51.3
0.705 14.3765 -51.2
0.7055 14.4021 -51.3
0.706 14.4278 -51.3
0.7065 14.4534 -51.2
0.707 14.479 -51.2
0.7075 14.5046 -51.2
0.708 14.5302 -51.3
0.7085 14.5559 -51.4
0.709 14.5816 -51.4
0.7095 14.6073 -51.4
0.71 14.633 -51.3
0.7105 14.6586 -51.2
0.711 14.6842 -51.3
0.7115 14.7099 -51.3
0.712 14.7355 -51.2
0.7125 14.7611 -51.2
0.713 14.7867 -51.2
0.7135 14.8123 -51.3
0.714 14.838 -51.3
0.7145 14.8636 -51.3
0.715 14.8893 -51.3
0.7155 14.9149 -51.2
0.716 14.9405 -51.2
0.7165 14.9661 -51.3
0.717 14.9918 -51.3
0.7175 15.0174 -51.2
0.718 15.043 -51.3
0.7185 15.0687 -51.4
0.719 15.0944 -51.3
0.7195 15.12 -51.2
0.72 15.1456 -51.2
0.7205 15.1712 -51.2
0.721 15.1968 -51.2
0.7215 15.2224 -51.1
0.722 15.2479 -51.1
0.7225 15.2735 -51.2
0.723 15.2991 -51.2
0.7235 15.3247 -51.2
0.724 15.3503 -51.2
0.7245 15.3759 -51.2
0.725 15.4015 -51.2
0.7255 15.4271 -51.2
0.726 15.4527 -51.1
0.7265 15.4782 -51.1
0.727 15.5038 -51.2
0.7275 15.5294 -51.2
0.728 15.555 -51.1
0.7285 15.5805 -51.1
0.729 15.6061 -51.2
0.7295 15.6317 -51.1
0.73 15.6572 -51.1
0.7305 15.6828 -51.2
0.731 15.7084 -51.2
0.7315 15.734 -51.2
0.732 15.7596 -51.2
0.7325 15.7852 -51.1
0.733 15.8107 -51
0.7335 15.8362 -51.1
0.734 15.8618 -51.2
0.7345 15.8874 -51.1
0.735 15.9129 -51.1
0.7355 15.9385 -51.2
0.736 15.9641 -51.2
0.7365 15.9897 -51.1
0.737 16.0152 -51.1
0.7375 16.0408 -51.1
0.738 16.0663 -51.1
0.7385 16.0919 -51.2
0.739 16.1175 -51.2
0.7395 16.1431 -51.2
0.74 16.1687 -51.1
0.7405 16.1942 -51
0.741 16.2197 -51.1
0.7415 16.2453 -51.1
0.742 16.2708 -51.1
0.7425 16.2964 -51.2
0.743 16.322 -51.1
0.7435 16.3475 -51
0.744 16.373 -51.1
0.7445 16.3986 -51.1
0.745 16.4241 -51.1
0.7455 16.4497 -51.2
0.746 16.4753 -51.1
0.7465 16.5008 -51
0.747 16.5263 -51
0.7475 16.5518 -51
0.748 16.5773 -51.1
0.7485 16.6029 -51.1
0.749 16.6284 -51.1
0.7495 16.654 -51.1
0.75 16.6795 -51
0.7505 16.705 -50.9
0.751 16.7304 -51
0.7515 16.756 -51.1
0.752 16.7815 -51
0.7525 16.807 -51.1
0.753 16.8326 -51.2
0.7535 16.8582 -51.2
0.754 16.8838 -51.2
0.7545 16.9094 -51.2
0.755 16.935 -51.2
0.7555 16.9606 -51.1
0.756 16.9861 -51.1
0.7565 17.0117 -51.2
0.757 17.0373 -51.3
0.7575 17.063 -51.4
0.758 17.0887 -51.3
0.7585 17.1143 -51.2
0.759 17.1399 -51.1
0.7595 17.1654 -51.1
0.76 17.191 -51.3
0.7605 17.2167 -51.3
0.761 17.2423 -51.2
0.7615 17.2679 -51.3
0.762 17.2936 -51.3
0.7625 17.3192 -51.2
0.763 17.3448 -51.3
0.7635 17.3705 -51.3
0.764 17.3961 -51.2
0.7645 17.4217 -51.3
0.765 17.4474 -51.4
0.7655 17.4731 -51.3
0.766 17.4987 -51.4
0.7665 17.5245 -51.5
0.767 17.5502 -51.5
0.7675 17.576 -51.5
0.768 17.6017 -51.5
0.7685 17.6275 -51.6
0.769 17.6533 -51.6
0.7695 17.6791 -51.6
0.77 17.7049 -51.6
0.7705 17.7307 -51.5
0.771 17.7564 -51.5
0.7715 17.7822 -51.6
0.772 17.808 -51.7
0.7725 17.8339 -51.8
0.773 17.8598 -51.9
0.7735 17.8858 -51.9
0.774 17.9117 -51.8
0.7745 17.9376 -51.8
0.775 17.9635 -51.9
0.7755 17.9895 -52
0.776 18.0155 -52.1
0.7765 18.0416 -52.1
0.777 18.0676 -52.1
0.7775 18.0937 -52.1
0.778 18.1197 -52.1
0.7785 18.1458 -52.3
0.779 18.172 -52.5
0.7795 18.1983 -52.5
0.78 18.2245 -52.3
0.7805 18.2506 -52.3
0.781 18.2768 -52.4
0.7815 18.303 -52.4
0.782 18.3292 -52.4
0.7825 18.3554 -52.6
0.783 18.3818 -52.8
0.7835 18.4082 -52.7
0.784 18.4345 -52.6
0.7845 18.4608 -52.7
0.785 18.4872 -52.7
0.7855 18.5135 -52.7
0.786 18.5399 -52.8
0.7865 18.5663 -52.9
0.787 18.5928 -52.9
0.7875 18.6192 -52.9
0.788 18.6457 -52.9
0.7885 18.6721 -52.8
0.789 18.6985 -52.9
0.7895 18.725 -52.9
0.79 18.7514 -52.9
0.7905 18.7779 -52.9
0.791 18.8043 -52.9
0.7915 18.8308 -53
0.792 18.8573 -53
0.7925 18.8838 -52.9
0.793 18.9102 -52.8
0.7935 18.9366 -52.7
0.794 18.9629 -52.7
0.7945 18.9893 -52.8
0.795 19.0157 -52.8
0.7955 19.0421 -52.8
0.796 19.0685 -52.7
0.7965 19.0948 -52.7
0.797 19.1212 -52.7
0.7975 19.1475 -52.6
0.798 19.1738 -52.6
0.7985 19.2001 -52.6
0.799 19.2264 -52.6
0.7995 19.2527 -52.5
0.8 19.2789 -52.5
0.8005 19.3052 -52.5
0.801 19.3314 -52.4
0.8015 19.3576 -52.4
0.802 19.3838 -52.4
0.8025 19.41 -52.3
0.803 19.4361 -52.2
0.8035 19.4622 -52.1
0.804 19.4882 -52
0.8045 19.5142 -52
0.805 19.5402 -51.9
0.8055 19.5661 -51.9
0.806 19.5921 -51.9
0.8065 19.618 -51.8
0.807 19.6439 -51.8
0.8075 19.6698 -51.7
0.808 19.6956 -51.5
0.8085 19.7213 -51.5
0.809 19.7471 -51.5
0.8095 19.7728 -51.3
0.81 19.7984 -51.3
0.8105 19.8241 -51.3
0.811 19.8497 -51.2
0.8115 19.8753 -51
0.812 19.9007 -50.8
0.8125 19.9261 -50.8
0.813 19.9515 -50.8
0.8135 19.9769 -50.7
0.814 20.0022 -50.7
0.8145 20.0276 -50.6
0.815 20.0528 -50.5
0.8155 20.0781 -50.5
0.816 20.1033 -50.4
0.8165 20.1285 -50.4
0.817 20.1537 -50.3
0.8175 20.1788 -50.3
0.818 20.204 -50.3
0.8185 20.2291 -50.2
0.819 20.2542 -50.2
0.8195 20.2793 -50.2
0.82 20.3044 -50.1
0.8205 20.3294 -50
0.821 20.3544 -50
0.8215 20.3794 -50
0.822 20.4044 -50
0.8225 20.4294 -50
0.823 20.4544 -50
0.8235 20.4794 -50
0.824 20.5044 -50
0.8245 20.5294 -50.1
0.825 20.5545 -50.2
0.8255 20.5796 -50.1
0.826 20.6046 -50.1
0.8265 20.6297 -50.2
0.827 20.6548 -50.2
0.8275 20.6799 -50.2
0.828 20.705 -50.3
0.8285 20.7302 -50.3
0.829 20.7553 -50.1
0.8295 20.7803 -50.1
0.83 20.8054 -50.2
0.8305 20.8305 -50.2
0.831 20.8556 -50.3
0.8315 20.8808 -50.4
0.832 20.906 -50.4
0.8325 20.9312 -50.4
0.833 20.9564 -50.5
0.8335 20.9817 -50.6
0.834 21.007 -50.6
0.8345 21.0323 -50.7
0.835 21.0577 -50.7
0.8355 21.083 -50.8
0.836 21.1085 -50.9
0.8365 21.1339 -51
0.837 21.1595 -51.1
0.8375 21.185 -51.1
0.838 21.2106 -51.2
0.8385 21.2362 -51.2
0.839 21.2618 -51.3
0.8395 21.2875 -51.4
0.84 21.3132 -51.4
0.8405 21.3389 -51.6
0.841 21.3648 -51.7
0.8415 21.3906 -51.7
0.842 21.4165 -51.8
0.8425 21.4424 -51.9
0.843 21.4684 -52.1
0.8435 21.4945 -52.2
0.844 21.5206 -52.2
0.8445 21.5467 -52.3
0.845 21.5729 -52.4
0.8455 21.5991 -52.6
0.846 21.6255 -52.7
0.8465 21.6518 -52.6
0.847 21.6781 -52.7
0.8475 21.7045 -52.8
0.848 21.7309 -52.8
0.8485 21.7573 -52.9
0.849 21.7838 -53
0.8495 21.8103 -53
0.85 21.8368 -53
0.8505 21.8633 -53.1
0.851 21.8899 -53.2
0.8515 21.9165 -53.2
0.852 21.9431 -53.3
0.8525 21.9698 -53.3
0.853 21.9964 -53.2
0.8535 22.023 -53.3
0.854 22.0497 -53.3
0.8545 22.0763 -53.3
0.855 22.103 -53.4
0.8555 22.1297 -53.4
0.856 22.1564 -53.5
0.8565 22.1832 -53.6
0.857 22.21 -53.6
0.8575 22.2368 -53.5
0.858 22.2635 -53.5
0.8585 22.2903 -53.7
0.859 22.3172 -53.7
0.8595 22.344 -53.6
0.86 22.3708 -53.7
0.8605 22.3977 -53.7
0.861 22.4245 -53.6
0.8615 22.4513 -53.6
0.862 22.4781 -53.6
0.8625 22.5049 -53.6
0.863 22.5317 -53.6
0.8635 22.5585 -53.6
0.864 22.5853 -53.6
0.8645 22.6121 -53.7
0.865 22.639 -53.7
0.8655 22.6658 -53.6
0.866 22.6926 -53.6
0.8665 22.7194 -53.6
0.867 22.7462 -53.6
0.8675 22.773 -53.5
0.868 22.7997 -53.4
0.8685 22.8264 -53.5
0.869 22.8532 -53.6
0.8695 22.88 -53.5
0.87 22.9067 -53.3
0.8705 22.9333 -53.3
0.871 22.96 -53.4
0.8715 22.9867 -53.3
0.872 23.0133 -53.1
0.8725 23.0398 -53.1
0.873 23.0664 -53.2
0.8735 23.093 -53.2
0.874 23.1196 -53.2
0.8745 23.1462 -53.1
0.875 23.1727 -53.1
0.8755 23.1993 -53.1
0.876 23.2258 -53
0.8765 23.2523 -53
0.877 23.2788 -53.1
0.8775 23.3054 -53.1
0.878 23.3319 -52.9
0.8785 23.3583 -52.9
0.879 23.3848 -52.9
0.8795 23.4112 -52.9
0.88 23.4377 -52.9
0.8805 23.4641 -52.9
0.881 23.4906 -53
0.8815 23.5171 -53
0.882 23.5436 -53
0.8825 23.5701 -52.9
0.883 23.5965 -52.9
0.8835 23.623 -53
0.884 23.6495 -53
0.8845 23.676 -53
0.885 23.7025 -52.9
0.8855 23.7289 -52.8
0.886 23.7553 -52.9
0.8865 23.7818 -53
0.887 23.8083 -53.1
0.8875 23.8349 -53.1
0.888 23.8614 -53
0.8885 23.8879 -53
0.889 23.9144 -52.9
0.8895 23.9408 -52.9
0.89 23.9673 -53
0.8905 23.9938 -53.1
0.891 24.0204 -53.2
0.8915 24.047 -53.1
0.892 24.0735 -53.1
0.8925 24.1001 -53.1
0.893 24.1266 -53.1
0.8935 24.1532 -53.2
0.894 24.1798 -53.2
0.8945 24.2064 -53.2
0.895 24.233 -53.2
0.8955 24.2596 -53.3
0.896 24.2863 -53.4
0.8965 24.313 -53.4
0.897 24.3397 -53.3
0.8975 24.3663 -53.3
0.898 24.393 -53.4
0.8985 24.4197 -53.5
0.899 24.4465 -53.5
0.8995 24.4732 -53.4
0.9 24.4999 -53.5
0.9005 24.5267 -53.6
0.901 24.5535 -53.7
0.9015 24.5804 -53.8
0.902 24.6073 -53.8
0.9025 24.6342 -53.8
0.903 24.6611 -53.8
0.9035 24.688 -53.8
0.904 24.7149 -53.8
0.9045 24.7418 -53.9
0.905 24.7688 -53.9
0.9055 24.7957 -53.9
0.906 24.8227 -54
0.9065 24.8497 -54
0.907 24.8767 -54.1
0.9075 24.9038 -54.1
0.908 24.9308 -54.1
0.9085 24.9579 -54.1
0.909 24.9849 -54.1
0.9095 25.012 -54.2
0.91 25.0391 -54.1
0.9105 25.0661 -54.1
0.911 25.0932 -54.1
0.9115 25.1202 -54.1
0.912 25.1473 -54.1
0.9125 25.1743 -54
0.913 25.2013 -54.1
0.9135 25.2284 -54.1
0.914 25.2554 -54
0.9145 25.2824 -54
0.915 25.3094 -54
0.9155 25.3364 -54
0.916 25.3634 -54
0.9165 25.3904 -54
0.917 25.4174 -54
0.9175 25.4444 -53.9
0.918 25.4713 -53.9
0.9185 25.4983 -53.9
0.919 25.5252 -53.7
0.9195 25.552 -53.6
0.92 25.5788 -53.7
0.9205 25.6057 -53.8
0.921 25.6326 -53.7
0.9215 25.6594 -53.6
0.922 25.6862 -53.5
0.9225 25.7129 -53.5
0.923 25.7397 -53.6
0.9235 25.7665 -53.5
0.924 25.7932 -53.4
0.9245 25.8199 -53.4
0.925 25.8466 -53.4
0.9255 25.8733 -53.4
0.926 25.9 -53.3
0.9265 25.9266 -53.2
0.927 25.9532 -53
0.9275 25.9796 -53
0.928 26.0062 -53
0.9285 26.0326 -52.8
0.929 26.059 -52.9
0.9295 26.0855 -52.8
0.93 26.1118 -52.7
0.9305 26.1382 -52.7
0.931 26.1645 -52.6
0.9315 26.1908 -52.5
0.932 26.217 -52.3
0.9325 26.2431 -52.3
0.933 26.2693 -52.3
0.9335 26.2954 -52.2
0.934 26.3215 -52.1
0.9345 26.3475 -52
0.935 26.3735 -52
0.9355 26.3995 -51.9
0.936 26.4254 -51.9
0.9365 26.4514 -51.9
0.937 26.4773 -51.8
0.9375 26.5032 -51.7
0.938 26.529 -51.7
0.9385 26.5549 -51.7
0.939 26.5807 -51.6
0.9395 26.6065 -51.6
0.94 26.6323 -51.6
0.9405 26.6581 -51.6
0.941 26.6839 -51.6
0.9415 26.7097 -51.5
0.942 26.7354 -51.5
0.9425 26.7612 -51.6
0.943 26.787 -51.5
0.9435 26.8127 -51.4
0.944 26.8384 -51.3
0.9445 26.864 -51.3
0.945 26.8897 -51.3
0.9455 26.9153 -51.2
0.946 26.9409 -51.2
0.9465 26.9665 -51.2
0.947 26.9921 -51.3
0.9475 27.0178 -51.3
0.948 27.0434 -51.2
0.9485 27.069 -51.3
0.949 27.0947 -51.3
0.9495 27.1203 -51.2
0.95 27.1459 -51.3
0.9505 27.1716 -51.3
0.951 27.1972 -51.2
0.9515 27.2228 -51.3
0.952 27.2485 -51.4
0.9525 27.2742 -51.3
0.953 27.2998 -51.2
0.9535 27.3254 -51.3
0.954 27.3511 -51.4
0.9545 27.3768 -51.4
0.955 27.4025 -51.3
0.9555 27.4281 -51.4
0.956 27.4539 -51.5
0.9565 27.4796 -51.4
0.957 27.5053 -51.5
0.9575 27.5311 -51.5
0.958 27.5568 -51.5
0.9585 27.5826 -51.6
0.959 27.6084 -51.6
0.9595 27.6342 -51.6
0.96 27.66 -51.6
0.9605 27.6858 -51.7
0.961 27.7117 -51.8
0.9615 27.7376 -51.8
0.962 27.7635 -51.9
0.9625 27.7895 -52
0.963 27.8155 -51.9
0.9635 27.8414 -51.9
0.964 27.8674 -52
0.9645 27.8934 -51.9
0.965 27.9193 -51.9
0.9655 27.9453 -52
0.966 27.9713 -52.1
0.9665 27.9974 -52.2
0.967 28.0235 -52.3
0.9675 28.0497 -52.3
0.968 28.0758 -52.2
0.9685 28.1019 -52.2
0.969 28.128 -52.3
0.9695 28.1542 -52.4
0.97 28.1804 -52.4
0.9705 28.2066 -52.3
0.971 28.2327 -52.3
0.9715 28.2589 -52.5
0.972 28.2852 -52.6
0.9725 28.3115 -52.6
0.973 28.3378 -52.6
0.9735 28.3641 -52.5
0.974 28.3903 -52.5
0.9745 28.4166 -52.6
0.975 28.4429 -52.6
0.9755 28.4692 -52.6
0.976 28.4955 -52.7
0.9765 28.5219 -52.8
0.977 28.5483 -52.8
0.9775 28.5747 -52.8
0.978 28.6011 -52.8
0.9785 28.6275 -52.9
0.979 28.654 -52.9
0.9795 28.6804 -52.9
0.98 28.7069 -53
0.9805 28.7334 -53
0.981 28.7599 -53.1
0.9815 28.7865 -53.1
0.982 28.813 -53
0.9825 28.8395 -53
0.983 28.866 -53
0.9835 28.8925 -53
0.984 28.919 -53.1
0.9845 28.9456 -53.1
0.985 28.9721 -53.1
0.9855 28.9987 -53.2
0.986 29.0253 -53.3
0.9865 29.052 -53.4
0.987 29.0787 -53.4
0.9875 29.1054 -53.3
0.988 29.132 -53.3
0.9885 29.1587 -53.3
0.989 29.1853 -53.2
0.9895 29.2119 -53.3
0.99 29.2386 -53.4
0.9905 29.2653 -53.3
0.991 29.2919 -53.3
0.9915 29.3186 -53.3
0.992 29.3452 -53.3
0.9925 29.3719 -53.5
0.993 29.3987 -53.5
0.9935 29.4254 -53.3
0.994 29.452 -53.3
0.9945 29.4787 -53.4
0.995 29.5054 -53.5
0.9955 29.5322 -53.5
0.996 29.5589 -53.5
0.9965 29.5857 -53.5
0.997 29.6124 -53.4
0.9975 29.6391 -53.5
0.998 29.6659 -53.6
0.9985 29.6927 -53.6
0.999 29.7195 -53.6
0.9995 29.7463 -53.5
1 29.773 -53.5
