          0.002          151100         5657000
          0.004          140086         5339000
          0.006          129744         4984750
          0.008          120147         4593750
           0.01          111369         4222750
          0.012          103256         3932400
          0.014         95639.4         3672850
          0.016         88564.6         3390225
          0.018         82078.5         3084275
           0.02         76227.5         2819900
          0.022         70798.9         2656625
          0.024           65601         2521650
          0.026         60712.3         2347525
          0.028         56210.9         2134250
           0.03         52175.3         1937800
          0.032         48459.7         1818275
          0.034         44902.2         1725875
          0.036         41556.2         1606725
          0.038         38475.3         1460750
           0.04         35713.2         1326275
          0.042         33170.2         1244500
          0.044         30735.2         1181275
          0.046         28445.1         1099675
          0.048         26336.5          999775
           0.05           24446          907750
          0.052         22705.5          851775
          0.054         21038.9          808500
          0.056         19471.5          752650
          0.058         18028.3          684275
           0.06         16734.4          621300
          0.062         15543.1          582975
          0.064         14402.5          553350
          0.066         13329.7          515125
          0.068           12342          468325
           0.07         11456.4          425225
          0.072         10641.1          399005
          0.074         9860.38          378745
          0.076         9126.12          352580
          0.078         8450.06        320547.5
           0.08         7843.93          291045
          0.082         7285.88        273092.5
          0.084         6751.56        259217.5
          0.086         6249.01        241317.5
          0.088         5786.29        219392.5
           0.09         5371.44          199200
          0.092         4989.49        186912.5
          0.094         4623.79          177415
          0.096         4279.83          165165
          0.098         3963.13        150157.5
            0.1          3679.2          136335
          0.102         3417.79        127927.5
          0.104         3167.49          121430
          0.106         2932.07          113045
          0.108         2715.31        102772.5
           0.11         2520.98         93312.5
          0.112         2342.06         87557.5
          0.114         2170.75           83110
          0.116         2009.62           77370
          0.118         1861.27           70340
           0.12         1728.26         63867.5
          0.122          1605.8         59927.5
          0.124         1488.55         56882.5
          0.126         1378.27           52955
          0.128         1276.73           48145
           0.13         1185.69         43712.5
          0.132         1101.88         41017.5
          0.134         1021.62        38933.25
          0.136         946.147        36242.25
          0.138         876.651        32950.75
           0.14         814.344           29918
          0.142         756.979        28072.75
          0.144         702.053         26646.5
          0.146         650.393         24806.5
          0.148         602.827        22552.75
           0.15         560.182           20477
          0.152         520.919           19214
          0.154         483.326         18237.5
          0.156         447.969        16978.25
          0.158         415.413        15435.75
           0.16         386.226        14014.75
          0.162         359.354         13150.5
          0.164         333.624         12482.5
          0.166         309.424         11620.5
          0.168         287.142        10564.75
           0.17         267.165         9592.25
          0.172         248.773         9000.75
          0.174         231.162          8543.5
          0.176         214.599         7953.25
          0.178         199.349         7230.75
           0.18         185.676         6565.25
          0.182         173.088          6160.5
          0.184         161.034          5847.5
          0.186         149.698          5443.5
          0.188          139.26            4949
           0.19         129.902          4493.5
          0.192         121.286         4216.25
          0.194         113.037            4002
          0.196         105.278        3725.825
          0.198         98.1337          3387.3
            0.2         91.7288         3075.45
          0.202         85.8319        2885.775
          0.204         80.1857        2739.175
          0.206         74.8752        2550.025
          0.208         69.9856        2318.325
           0.21         65.6019        2104.925
          0.212         61.5659          1975.1
          0.214         57.7015         1874.75
          0.216         54.0669          1745.3
          0.218         50.7203         1586.75
           0.22         47.7199        1434.525
          0.222         44.9822         1333.35
          0.224         42.3865        1261.575
          0.226         39.9359        1188.375
          0.228          37.633        1113.775
           0.23         35.4808        1003.225
          0.232         33.6201           856.5
          0.234         32.0548           759.5
          0.236         30.5821         763.825
          0.238         28.9995           869.5
           0.24         27.1041        1103.425
          0.242         24.5858         1397.45
          0.244         21.5143         1582.35
          0.246         18.2564        1583.825
          0.248          15.179         1401.85
           0.25          12.649          1141.1
          0.252         10.6146        962.9975
          0.254         8.79701         848.045
          0.256         7.22242        719.9425
          0.258         5.91724        578.6475
           0.26         4.90783          459.03
          0.262         4.08112           394.6
          0.264         3.32943          348.48
          0.266          2.6872        285.1425
          0.268         2.18886        204.5875
           0.27         1.86885         134.735
          0.272         1.64992        105.1275
          0.274         1.44834           90.28
          0.276          1.2888         63.0925
          0.278         1.19597           23.56
           0.28         1.19456        -12.9225
          0.282         1.24766          -27.56
          0.284          1.3048        -30.6525
          0.286         1.37027          -35.89
          0.288         1.44836         -43.275
           0.29         1.54337        -51.5025
          0.292         1.65437          -57.44
          0.294         1.77313          -59.67
          0.296         1.89305         -58.585
          0.298         2.00747        -54.1825
            0.3         2.10978          -47.84
          0.302         2.19883        -41.7975
          0.304         2.27697         -35.995
          0.306         2.34281         -29.505
          0.308         2.39499        -22.3225
           0.31          2.4321        -15.0575
          0.312         2.45522         -8.4825
          0.314         2.46603         -2.2125
          0.316         2.46407          4.2925
          0.318         2.44886           11.03
           0.32         2.41995         16.4325
          0.322         2.38313           19.14
          0.324         2.34339           21.02
          0.326         2.29905         23.7375
          0.328         2.24844          27.295
           0.33         2.18987         30.4275
          0.332         2.12673         31.7325
          0.334         2.06294           32.28
          0.336         1.99761           33.26
          0.338          1.9299          34.675
           0.34         1.85891           36.17
          0.342         1.78522         37.0975
          0.344         1.71052         37.3975
          0.346         1.63563         37.2925
          0.348         1.56135           36.78
           0.35         1.48851           36.13
          0.352         1.41683           35.73
          0.354         1.34559         35.4825
          0.356          1.2749          35.175
          0.358         1.20489          34.805
           0.36         1.13568         34.3525
          0.362         1.06748           33.82
          0.364          1.0004        33.26725
          0.366        0.934411        32.72875
          0.368        0.869485        32.20475
           0.37        0.805592        31.67075
          0.372        0.742802        31.10875
          0.374        0.681157        30.55375
          0.376        0.620587         30.0335
          0.378        0.561023        29.54775
           0.38        0.502396          29.088
          0.382        0.444671        28.63425
          0.384        0.387859          28.177
          0.386        0.331963        27.71875
          0.388        0.276984        27.25975
           0.39        0.222924        26.76225
          0.392        0.169935         26.2065
          0.394        0.118098          25.656
          0.396        0.067311       25.156825
          0.398       0.0174707         24.7091
            0.4      -0.0315254         24.2459
          0.402      -0.0795129         23.6724
          0.404       -0.126215       23.013775
          0.406       -0.171568        22.32275
          0.408       -0.215506          21.599
           0.41       -0.257964        20.80475
          0.412       -0.298725        19.96225
          0.414       -0.337813         19.1995
          0.416       -0.375523          18.584
          0.418       -0.412149          18.116
           0.42       -0.447987        17.69525
          0.422        -0.48293        17.15675
          0.424       -0.516614          16.505
          0.426        -0.54895        15.80825
          0.428       -0.579847         15.0665
           0.43       -0.609216        14.13825
          0.432         -0.6364        12.94075
          0.434       -0.660979        11.70375
          0.436       -0.683215        10.59775
          0.438        -0.70337           9.623
           0.44       -0.721707         8.75725
          0.442       -0.738399           7.913
          0.444       -0.753359         7.01425
          0.446       -0.766456          6.0505
          0.448       -0.777561         5.02225
           0.45       -0.786545          4.0275
          0.452       -0.793671           3.184
          0.454       -0.799281          2.4235
          0.456       -0.803365         1.65725
          0.458        -0.80591           0.885
           0.46       -0.806905          0.1795
          0.462       -0.806628        -0.42575
          0.464       -0.805202          -1.061
          0.466       -0.802384         -1.8175
          0.468       -0.797932        -2.69525
           0.47       -0.791603          -3.586
          0.472       -0.783588        -4.33775
          0.474       -0.774252          -4.994
          0.476       -0.763612        -5.64125
          0.478       -0.751687         -6.2795
           0.48       -0.738494        -6.83875
          0.482       -0.724332          -7.279
          0.484       -0.709378          -7.715
          0.486       -0.693472        -8.23175
          0.488       -0.676451        -8.82975
           0.49       -0.658153          -9.404
          0.492       -0.638835           -9.86
          0.494       -0.618713         -10.319
          0.496       -0.597559         -10.891
          0.498       -0.575149       -11.57625
            0.5       -0.551254        -12.1895
          0.502       -0.526391       -12.52575
          0.504       -0.501151         -12.741
          0.506       -0.475427       -13.01025
          0.508        -0.44911         -13.334
           0.51       -0.422091        -13.6305
          0.512       -0.394588        -13.7865
          0.514       -0.366945       -13.83575
          0.516       -0.339245        -13.8445
          0.518       -0.311567       -13.81275
           0.52       -0.283994       -13.73725
          0.522       -0.256618         -13.635
          0.524       -0.229454       -13.53675
          0.526       -0.202471       -13.45475
          0.528       -0.175635       -13.38925
           0.53       -0.148914       -12.98425
          0.532       -0.123698        -11.9205
          0.534       -0.101232      -10.609375
          0.536      -0.0812605       -9.425075
          0.538      -0.0635317         -8.3671
           0.54      -0.0477921       -7.295175
          0.542       -0.034351         -6.0735
          0.544      -0.0234981           -4.85
          0.546       -0.014951       -3.767765
          0.548     -0.00842704      -2.8268525
           0.55     -0.00364359      -2.1936883
          0.552     0.000347713      -1.8550925
          0.554      0.00377678      -1.3751917
          0.556      0.00584848        -0.49773
          0.558       0.0057677        0.777295
           0.56       0.0027393       1.9685675
          0.562     -0.00210657        2.463035
          0.564     -0.00711284       2.5444075
          0.566      -0.0122842        2.628115
          0.568      -0.0176253        2.714175
           0.57      -0.0231409         2.79635
          0.572      -0.0288107         2.85535
          0.574      -0.0345623         2.87795
          0.576      -0.0403225        2.863925
          0.578       -0.046018         2.81325
           0.58      -0.0515755          2.7368
          0.582      -0.0569652         2.62525
          0.584      -0.0620765        2.437425
          0.586      -0.0667149        2.152325
          0.588      -0.0706858         1.76995
           0.59      -0.0737947        1.393475
          0.592      -0.0762597        1.170075
          0.594       -0.078475        1.062675
          0.596      -0.0805104        0.990175
          0.598      -0.0824357          0.9526
            0.6      -0.0843208          0.9468
          0.602      -0.0862229        0.948175
          0.604      -0.0881135        0.927575
          0.606      -0.0899332          0.8773
          0.608      -0.0916227        0.797425
           0.61      -0.0931229        0.655875
          0.612      -0.0942462         0.44595
          0.614      -0.0949067         0.23785
          0.616      -0.0951976        0.076375
          0.618      -0.0952122         -0.0385
           0.62      -0.0950436        -0.09995
          0.622      -0.0948124       -0.131575
          0.624      -0.0945173         -0.1858
          0.626      -0.0940692        -0.28465
          0.628      -0.0933787         -0.4282
           0.63      -0.0923564        -0.56145
          0.632      -0.0911329       -0.613775
          0.634      -0.0899013         -0.6165
          0.636      -0.0886669         -0.6167
          0.638      -0.0874345         -0.6144
           0.64      -0.0862093        -0.60975
          0.642      -0.0849955       -0.605075
          0.644       -0.083789        -0.60325
          0.646      -0.0825825        -0.60505
          0.648      -0.0813688       -0.610525
           0.65      -0.0801404       -0.649025
          0.652      -0.0787727       -0.737525
          0.654      -0.0771903        -0.82815
          0.656      -0.0754601       -0.885325
          0.658       -0.073649         -0.9091
           0.66      -0.0718237       -0.924525
          0.662      -0.0699509         -0.9584
          0.664      -0.0679901       -0.988325
          0.666      -0.0659976       -0.990175
          0.668      -0.0640294        -0.96395
           0.67      -0.0621418        -0.88775
          0.672      -0.0604784       -0.776425
          0.674      -0.0590361       -0.706925
          0.676      -0.0576507         -0.7195
          0.678      -0.0561581         -0.8142
           0.68      -0.0543939        -0.96765
          0.682      -0.0522875       -1.106275
          0.684      -0.0499688        -1.17815
          0.686      -0.0475749       -1.181425
          0.688      -0.0452431       -1.116175
           0.69      -0.0431102       -1.028875
          0.692      -0.0411276        -0.98905
          0.694       -0.039154       -0.985025
          0.696      -0.0371875         -0.9819
          0.698      -0.0352264       -0.979625
            0.7       -0.033269        -0.97785
          0.702       -0.031315        -0.97455
          0.704      -0.0293708       -0.967475
          0.706      -0.0274451        -0.95615
          0.708      -0.0255462         -0.9406
           0.71      -0.0236827        -0.83585
          0.712      -0.0222028        -0.60635
          0.714      -0.0212573       -0.411175
          0.716      -0.0205581        -0.36005
          0.718      -0.0198171       -0.452925
           0.72      -0.0187464        -0.63235
          0.722      -0.0172877       -0.773325
          0.724      -0.0156531         -0.8318
          0.726      -0.0139605       -0.831375
          0.728      -0.0123276       -0.772075
           0.73      -0.0108722      -0.6821875
          0.732     -0.00959885        -0.60269
          0.734     -0.00846144      -0.5242625
          0.736      -0.0075018        -0.42492
          0.738     -0.00676176        -0.30466
           0.74     -0.00628316        -0.15872
          0.742     -0.00612688      -0.0142975
          0.744     -0.00622597       0.0759075
          0.746     -0.00643051         0.09116
          0.748     -0.00659061       0.0314575
           0.75     -0.00655634       -0.090515
          0.752     -0.00622855        -0.21055
          0.754     -0.00571414      -0.2640575
          0.756     -0.00517232      -0.2379675
          0.758     -0.00476227      -0.1322825
           0.76     -0.00464319        0.010615
          0.762     -0.00480473        0.119625
          0.764     -0.00512169         0.19407
          0.766     -0.00558101       0.2619825
          0.768     -0.00616962       0.3233625
           0.77     -0.00687446       0.3703925
          0.772     -0.00765119        0.394635
          0.774       -0.008453       0.4029775
          0.776      -0.0092631        0.402925
          0.778      -0.0100647          0.3945
           0.78      -0.0108411        0.380825
          0.782       -0.011588        0.367825
          0.784      -0.0123124         0.35645
          0.786      -0.0130138        0.344925
          0.788      -0.0136921        0.333275
           0.79      -0.0143469        0.271575
          0.792      -0.0147784         0.13765
          0.794      -0.0148975        0.022975
          0.796      -0.0148703       -0.008625
          0.798       -0.014863         0.04285
            0.8      -0.0150417        0.207325
          0.802      -0.0156923         0.43675
          0.804      -0.0167887        0.584075
          0.806      -0.0180286          0.5803
          0.808      -0.0191099        0.425475
           0.81      -0.0197305        0.088825
          0.812      -0.0194652       -0.330225
          0.814      -0.0184096         -0.6057
          0.816      -0.0170424        -0.64175
          0.818      -0.0158426         -0.4384
           0.82      -0.0152888       -0.058875
          0.822      -0.0156071        0.288175
          0.824      -0.0164415        0.447775
          0.826      -0.0173982        0.410475
          0.828      -0.0180834          0.1762
           0.83       -0.018103       -0.158625
          0.832      -0.0174489       -0.399975
          0.834      -0.0165031       -0.497825
          0.836      -0.0154576         -0.4998
          0.838      -0.0145039         -0.4059
           0.84       -0.013834          -0.244
          0.842      -0.0135279       -0.103525
          0.844      -0.0134199        -0.04875
          0.846      -0.0133329       -0.082475
          0.848        -0.01309       -0.204675
           0.85      -0.0125142       -0.365425
          0.852      -0.0116283        -0.47365
          0.854      -0.0106196      -0.5175475
          0.856     -0.00955811       -0.526535
          0.858     -0.00851346      -0.5006525
           0.86      -0.0075555        -0.47267
          0.862     -0.00662278       -0.471265
          0.864     -0.00567044      -0.4574225
          0.866     -0.00479309        -0.39627
          0.868     -0.00408536       -0.287805
           0.87     -0.00364187      -0.1523225
          0.872     -0.00347607      -0.0401575
          0.874     -0.00348124        0.023925
          0.876     -0.00357177        0.045195
          0.878     -0.00366202       0.0236525
           0.88     -0.00366638      -0.0166125
          0.882     -0.00359557        -0.03864
          0.884     -0.00351182      -0.0472025
          0.886     -0.00340676      -0.0599525
          0.888     -0.00327201      -0.0768875
           0.89     -0.00309921      -0.1549175
          0.892     -0.00265234        -0.30776
          0.894     -0.00186817     -0.41370825
          0.896    -0.000997507     -0.39424775
          0.898    -0.000291179     -0.24937675
            0.9               0     -0.07279475
          0.902               0               0
          0.904               0               0
          0.906               0               0
          0.908               0               0
           0.91               0               0
          0.912               0               0
          0.914               0               0
          0.916               0               0
          0.918               0               0
           0.92               0               0
          0.922               0               0
          0.924               0               0
          0.926               0               0
          0.928               0               0
           0.93               0               0
          0.932               0               0
          0.934               0               0
          0.936               0               0
          0.938               0               0
           0.94               0               0
          0.942               0               0
          0.944               0               0
          0.946               0               0
          0.948               0               0
           0.95               0               0
          0.952               0               0
          0.954               0               0
          0.956               0               0
          0.958               0               0
           0.96               0               0
          0.962               0               0
          0.964               0               0
          0.966               0               0
          0.968               0               0
           0.97               0               0
          0.972               0               0
          0.974               0               0
          0.976               0               0
          0.978               0               0
           0.98               0               0
          0.982               0               0
          0.984               0               0
          0.986               0               0
          0.988               0               0
           0.99               0               0
          0.992               0               0
          0.994               0               0
          0.996               0               0
          0.998               0               0
              1               0               0
          1.002               0               0
          1.004               0               0
          1.006               0               0
          1.008               0               0
           1.01               0               0
          1.012               0               0
          1.014               0               0
          1.016               0               0
          1.018               0               0
           1.02               0               0
          1.022               0               0
          1.024               0               0
          1.026               0               0
          1.028               0               0
           1.03               0               0
          1.032               0               0
          1.034               0               0
          1.036               0               0
          1.038               0               0
           1.04               0               0
          1.042               0               0
          1.044               0               0
          1.046               0               0
          1.048               0               0
           1.05               0               0
          1.052               0               0
          1.054               0               0
          1.056               0               0
          1.058               0               0
           1.06               0               0
          1.062               0               0
          1.064               0               0
          1.066               0               0
          1.068               0               0
           1.07               0               0
          1.072               0               0
          1.074               0               0
          1.076               0               0
          1.078               0               0
           1.08               0               0
          1.082               0               0
          1.084               0               0
          1.086               0               0
          1.088               0               0
           1.09               0               0
          1.092               0               0
          1.094               0               0
          1.096               0               0
          1.098               0               0
            1.1               0               0
          1.102               0               0
          1.104               0               0
          1.106               0               0
          1.108               0               0
           1.11               0               0
          1.112               0               0
          1.114               0               0
          1.116               0               0
          1.118               0               0
           1.12               0               0
          1.122               0               0
          1.124               0               0
          1.126               0               0
          1.128               0               0
           1.13               0               0
          1.132               0               0
          1.134               0               0
          1.136               0               0
          1.138               0               0
           1.14               0               0
          1.142               0               0
          1.144               0               0
          1.146               0               0
          1.148               0               0
           1.15               0               0
          1.152               0               0
          1.154               0               0
          1.156               0               0
          1.158               0               0
           1.16               0               0
          1.162               0               0
          1.164               0               0
          1.166               0               0
          1.168               0               0
           1.17               0               0
          1.172               0               0
          1.174               0               0
          1.176               0               0
          1.178               0               0
           1.18               0               0
          1.182               0               0
          1.184               0               0
          1.186               0               0
          1.188               0               0
           1.19               0               0
          1.192               0               0
          1.194               0               0
          1.196               0               0
          1.198               0               0
            1.2               0               0
          1.202               0               0
          1.204               0               0
          1.206               0               0
          1.208               0               0
           1.21               0               0
          1.212               0               0
          1.214               0               0
          1.216               0               0
          1.218               0               0
           1.22               0               0
          1.222               0               0
          1.224               0               0
          1.226               0               0
          1.228               0               0
           1.23               0               0
          1.232               0               0
          1.234               0               0
          1.236               0               0
          1.238               0               0
           1.24               0               0
          1.242               0               0
          1.244               0               0
          1.246               0               0
          1.248               0               0
           1.25               0               0
          1.252               0               0
          1.254               0               0
          1.256               0               0
          1.258               0               0
           1.26               0               0
          1.262               0               0
          1.264               0               0
          1.266               0               0
          1.268               0               0
           1.27               0               0
          1.272               0               0
          1.274               0               0
          1.276               0               0
          1.278               0               0
           1.28               0               0
          1.282               0               0
          1.284               0               0
          1.286               0               0
          1.288               0               0
           1.29               0               0
          1.292               0               0
          1.294               0               0
          1.296               0               0
          1.298               0               0
            1.3               0               0
          1.302               0               0
          1.304               0               0
          1.306               0               0
          1.308               0               0
           1.31               0               0
          1.312               0               0
          1.314               0               0
          1.316               0               0
          1.318               0               0
           1.32               0               0
          1.322               0               0
          1.324               0               0
          1.326               0               0
          1.328               0               0
           1.33               0               0
          1.332               0               0
          1.334               0               0
          1.336               0               0
          1.338               0               0
           1.34               0               0
          1.342               0               0
          1.344               0               0
          1.346               0               0
          1.348               0               0
           1.35               0               0
          1.352               0               0
          1.354               0               0
          1.356               0               0
          1.358               0               0
           1.36               0               0
          1.362               0               0
          1.364               0               0
          1.366               0               0
          1.368               0               0
           1.37               0               0
          1.372               0               0
          1.374               0               0
          1.376               0               0
          1.378               0               0
           1.38               0               0
          1.382               0               0
          1.384               0               0
          1.386               0               0
          1.388               0               0
           1.39               0               0
          1.392               0               0
          1.394               0               0
          1.396               0               0
          1.398               0               0
            1.4               0               0
          1.402               0               0
          1.404               0               0
          1.406               0               0
          1.408               0               0
           1.41               0               0
          1.412               0               0
          1.414               0               0
          1.416               0               0
          1.418               0               0
           1.42               0               0
          1.422               0               0
          1.424               0               0
          1.426               0               0
          1.428               0               0
           1.43               0               0
          1.432               0               0
          1.434               0               0
          1.436               0               0
          1.438               0               0
           1.44               0               0
          1.442               0               0
          1.444               0               0
          1.446               0               0
          1.448               0               0
           1.45               0               0
          1.452               0               0
          1.454               0               0
          1.456               0               0
          1.458               0               0
           1.46               0               0
          1.462               0               0
          1.464               0               0
          1.466               0               0
          1.468               0               0
           1.47               0               0
          1.472               0               0
          1.474               0               0
          1.476               0               0
          1.478               0               0
           1.48               0               0
          1.482               0               0
          1.484               0               0
          1.486               0               0
          1.488               0               0
           1.49               0               0
          1.492               0               0
          1.494               0               0
          1.496               0               0
          1.498               0               0
            1.5               0               0
          1.502               0               0
          1.504               0               0
          1.506               0               0
          1.508               0               0
           1.51               0               0
          1.512               0               0
          1.514               0               0
          1.516               0               0
          1.518               0               0
           1.52               0               0
          1.522               0               0
          1.524               0               0
          1.526               0               0
          1.528               0               0
           1.53               0               0
          1.532               0               0
          1.534               0               0
          1.536               0               0
          1.538               0               0
           1.54               0               0
          1.542               0               0
          1.544               0               0
          1.546               0               0
          1.548               0               0
           1.55               0               0
          1.552               0               0
          1.554               0               0
          1.556               0               0
          1.558               0               0
           1.56               0               0
          1.562               0               0
          1.564               0               0
          1.566               0               0
          1.568               0               0
           1.57               0               0
          1.572               0               0
          1.574               0               0
          1.576               0               0
          1.578               0               0
           1.58               0               0
          1.582               0               0
          1.584               0               0
          1.586               0               0
          1.588               0               0
           1.59               0               0
          1.592               0               0
          1.594               0               0
          1.596               0               0
          1.598               0               0
            1.6               0               0
          1.602               0               0
          1.604               0               0
          1.606               0               0
          1.608               0               0
           1.61               0               0
          1.612               0               0
          1.614               0               0
          1.616               0               0
          1.618               0               0
           1.62               0               0
          1.622               0               0
          1.624               0               0
          1.626               0               0
          1.628               0               0
           1.63               0               0
          1.632               0               0
          1.634               0               0
          1.636               0               0
          1.638               0               0
           1.64               0               0
          1.642               0               0
          1.644               0               0
          1.646               0               0
          1.648               0               0
           1.65               0               0
          1.652               0               0
          1.654               0               0
          1.656               0               0
          1.658               0               0
           1.66               0               0
          1.662               0               0
          1.664               0               0
          1.666               0               0
          1.668               0               0
           1.67               0               0
          1.672               0               0
          1.674               0               0
          1.676               0               0
          1.678               0               0
           1.68               0               0
          1.682               0               0
          1.684               0               0
          1.686               0               0
          1.688               0               0
           1.69               0               0
          1.692               0               0
          1.694               0               0
          1.696               0               0
          1.698               0               0
            1.7               0               0
          1.702               0               0
          1.704               0               0
          1.706               0               0
          1.708               0               0
           1.71               0               0
          1.712               0               0
          1.714               0               0
          1.716               0               0
          1.718               0               0
           1.72               0               0
          1.722               0               0
          1.724               0               0
          1.726               0               0
          1.728               0               0
           1.73               0               0
          1.732               0               0
          1.734               0               0
          1.736               0               0
          1.738               0               0
           1.74               0               0
          1.742               0               0
          1.744               0               0
          1.746               0               0
          1.748               0               0
           1.75               0               0
          1.752               0               0
          1.754               0               0
          1.756               0               0
          1.758               0               0
           1.76               0               0
          1.762               0               0
          1.764               0               0
          1.766               0               0
          1.768               0               0
           1.77               0               0
          1.772               0               0
          1.774               0               0
          1.776               0               0
          1.778               0               0
           1.78               0               0
          1.782               0               0
          1.784               0               0
          1.786               0               0
          1.788               0               0
           1.79               0               0
          1.792               0               0
          1.794               0               0
          1.796               0               0
          1.798               0               0
            1.8               0               0
          1.802               0               0
          1.804               0               0
          1.806               0               0
          1.808               0               0
           1.81               0               0
          1.812               0               0
          1.814               0               0
          1.816               0               0
          1.818               0               0
           1.82               0               0
          1.822               0               0
          1.824               0               0
          1.826               0               0
          1.828               0               0
           1.83               0               0
          1.832               0               0
          1.834               0               0
          1.836               0               0
          1.838               0               0
           1.84               0               0
          1.842               0               0
          1.844               0               0
          1.846               0               0
          1.848               0               0
           1.85               0               0
          1.852               0               0
          1.854               0               0
          1.856               0               0
          1.858               0               0
           1.86               0               0
          1.862               0               0
          1.864               0               0
          1.866               0               0
          1.868               0               0
           1.87               0               0
          1.872               0               0
          1.874               0               0
          1.876               0               0
          1.878               0               0
           1.88               0               0
          1.882               0               0
          1.884               0               0
          1.886               0               0
          1.888               0               0
           1.89               0               0
          1.892               0               0
          1.894               0               0
          1.896               0               0
          1.898               0               0
            1.9               0               0
          1.902               0               0
          1.904               0               0
          1.906               0               0
          1.908               0               0
           1.91               0               0
          1.912               0               0
          1.914               0               0
          1.916               0               0
          1.918               0               0
           1.92               0               0
          1.922               0               0
          1.924               0               0
          1.926               0               0
          1.928               0               0
           1.93               0               0
          1.932               0               0
          1.934               0               0
          1.936               0               0
          1.938               0               0
           1.94               0               0
          1.942               0               0
          1.944               0               0
          1.946               0               0
          1.948               0               0
           1.95               0               0
          1.952               0               0
          1.954               0               0
          1.956               0               0
          1.958               0               0
           1.96               0               0
          1.962               0               0
          1.964               0               0
          1.966               0               0
          1.968               0               0
           1.97               0               0
          1.972               0               0
          1.974               0               0
          1.976               0               0
          1.978               0               0
           1.98               0               0
          1.982               0               0
          1.984               0               0
          1.986               0               0
          1.988               0               0
           1.99               0               0
          1.992               0               0
          1.994               0               0
          1.996               0               0
          1.998               0               0
              2               0               0
          2.002               0               0
          2.004               0               0
          2.006               0               0
          2.008               0               0
           2.01               0               0
          2.012               0               0
          2.014               0               0
          2.016               0               0
          2.018               0               0
           2.02               0               0
          2.022               0               0
          2.024               0               0
          2.026               0               0
          2.028               0               0
           2.03               0               0
          2.032               0               0
          2.034               0               0
          2.036               0               0
          2.038               0               0
           2.04               0               0
          2.042               0               0
          2.044               0               0
          2.046               0               0
          2.048               0               0
           2.05               0               0
          2.052               0               0
          2.054               0               0
          2.056               0               0
          2.058               0               0
           2.06               0               0
          2.062               0               0
          2.064               0               0
          2.066               0               0
          2.068               0               0
           2.07               0               0
          2.072               0               0
          2.074               0               0
          2.076               0               0
          2.078               0               0
           2.08               0               0
          2.082               0               0
          2.084               0               0
          2.086               0               0
          2.088               0               0
           2.09               0               0
          2.092               0               0
          2.094               0               0
          2.096               0               0
          2.098               0               0
            2.1               0               0
          2.102               0               0
          2.104               0               0
          2.106               0               0
          2.108               0               0
           2.11               0               0
          2.112               0               0
          2.114               0               0
          2.116               0               0
          2.118               0               0
           2.12               0               0
          2.122               0               0
          2.124               0               0
          2.126               0               0
          2.128               0               0
           2.13               0               0
          2.132               0               0
          2.134               0               0
          2.136               0               0
          2.138               0               0
           2.14               0               0
          2.142               0               0
          2.144               0               0
          2.146               0               0
          2.148               0               0
           2.15               0               0
          2.152               0               0
          2.154               0               0
          2.156               0               0
          2.158               0               0
           2.16               0               0
          2.162               0               0
          2.164               0               0
          2.166               0               0
          2.168               0               0
           2.17               0               0
          2.172               0               0
          2.174               0               0
          2.176               0               0
          2.178               0               0
           2.18               0               0
          2.182               0               0
          2.184               0               0
          2.186               0               0
          2.188               0               0
           2.19               0               0
          2.192               0               0
          2.194               0               0
          2.196               0               0
          2.198               0               0
            2.2               0               0
          2.202               0               0
