   0.0034906585       617.22697              20
    0.006981317       613.22698              20
    0.010471976       609.22695              20
    0.013962634       605.22701              20
    0.017453293       601.22697              20
    0.020943951       597.22703              20
     0.02443461       593.22699              20
    0.027925268       589.22705              20
    0.031415927         585.227              20
    0.034906585       581.22696              20
    0.038397244       577.22703              20
    0.041887902       573.22698              20
    0.045378561       569.22704              20
    0.048869219         565.227              20
    0.052359878       561.22706              20
    0.055850536       557.22702              20
    0.059341195       553.22708              20
    0.062831853       549.22704              20
    0.066322512       545.22699              20
     0.06981317       541.22705              20
    0.073303829       537.22701              20
    0.076794487       533.22708              20
    0.080285146       529.22703              20
    0.083775804       525.22709              20
    0.087266463       521.22705              20
    0.090757121       517.22711              20
     0.09424778       513.22707              20
    0.097738438       509.22702              20
      0.1012291       505.22709              20
     0.10471976       501.22669              20
     0.10821041       497.22745              20
     0.11170107       493.22706              20
     0.11519173       489.22667              20
     0.11868239       485.22742              20
     0.12217305       481.22703              20
     0.12566371       477.22664              20
     0.12915436       473.22739              20
     0.13264502         469.227              20
     0.13613568       465.22661              20
     0.13962634       461.22737              20
       0.143117       457.22697              20
     0.14660766       453.22658              20
     0.15009832       449.22734              20
     0.15358897       445.22695              20
     0.15707963       441.22655              20
     0.16057029       437.22731              20
     0.16406095       433.22692              20
     0.16755161       429.22767              20
     0.17104227       425.22728              20
     0.17453293       421.22689              20
     0.17802358       417.22764              20
     0.18151424       413.22725              20
      0.1850049       409.22686              20
     0.18849556       405.22762              20
     0.19198622       401.22722              20
     0.19547688       397.22683              20
     0.19896753       393.22759              20
     0.20245819        389.2272              20
     0.20594885       385.22681              20
     0.20943951       381.22756              20
     0.21293017       377.22717              20
     0.21642083       373.22678              20
     0.21991149       369.22753              20
     0.22340214       365.22714              20
      0.2268928       361.22675              20
     0.23038346        357.2275              20
     0.23387412       353.22711              20
     0.23736478       349.22672              20
     0.24085544       345.22748              20
      0.2443461       341.22708              20
     0.24783675       337.22669              20
     0.25132741       333.22745              20
     0.25481807       329.22706              20
     0.25830873       325.22667              20
     0.26179939       321.22742              20
     0.26529005       317.22703              20
      0.2687807       313.22778              20
     0.27227136       309.22739              20
     0.27576202         305.227              20
     0.27925268       301.22776              20
     0.28274334       297.22736              20
       0.286234       293.22697              20
     0.28972466       289.22773              20
     0.29321531       285.22733              20
     0.29670597       281.22694              20
     0.30019663        277.2277              20
     0.30368729       273.22731              20
     0.30717795       269.22692              20
     0.31066861       265.22767              20
     0.31415927       261.22728              20
     0.31764992       257.22689              20
     0.32114058       253.22764              20
     0.32463124       249.22725              20
      0.3281219       245.22686              20
     0.33161256       241.22761              20
     0.33510322       237.22722              20
     0.33859387       233.22683              20
     0.34208453       229.22759              20
     0.34557519       225.22719              20
     0.34906585        221.2268              20
     0.35255651       217.22756              20
     0.35604717       213.22717              20
     0.35953783       209.22678              20
     0.36302848       205.22753              20
     0.36651914       201.22714              20
      0.3700098       197.22789              20
     0.37350046        193.2275              20
     0.37699112       189.22711              20
     0.38048178       185.22787              20
     0.38397244       181.22747              20
     0.38746309       177.22708              20
     0.39095375       173.22784              20
     0.39444441       169.22745              20
     0.39793507       165.22706              20
     0.40142573       161.22781              20
     0.40491639       157.22742              20
     0.40840704       153.22703              20
      0.4118977       149.22778              20
     0.41538836       145.22739              20
     0.41887902         141.227              20
     0.42236968       137.22775              20
     0.42586034       133.22736              20
       0.429351       129.22697              20
     0.43284165       125.22773              20
     0.43633231       121.22733              20
     0.43982297       117.22694              20
     0.44331363        113.2277              20
     0.44680429       109.22731              20
     0.45029495       105.22691              20
     0.45378561       101.22767              20
     0.45727626       97.227277              20
     0.46076692       93.226886              20
     0.46425758       89.227641              20
     0.46774824       85.227249              20
      0.4712389       81.226858              20
     0.47472956       77.227613              20
     0.47822022       73.227221              20
     0.48171087       69.227976              20
     0.48520153       65.227585              20
     0.48869219       61.227193              20
     0.49218285       57.227948              20
     0.49567351       53.227557              20
     0.49916417       49.227165              20
     0.50265482        45.22792              20
     0.50614548       41.554627        16.72933
     0.50963614       38.190307       16.910582
      0.5131268       34.895208       16.046627
     0.51661746       31.965634       13.246246
     0.52010812       29.556694       10.840798
     0.52359878        27.47468        9.983266
     0.52708943       25.520068        9.560949
     0.53058009       23.691539        8.722545
     0.53407075       22.034463        7.851346
     0.53756141       20.512288         7.36892
     0.54105207       19.076492        6.987635
     0.54454273       17.743851        6.341287
     0.54803339       16.534349        5.752553
     0.55152404       15.425951         5.33034
      0.5550147       14.396026        4.970855
     0.55850536       13.448504        4.503438
     0.56199602       12.593025        4.050508
     0.56548668       11.818113        3.700081
     0.56897734       11.114397        3.336389
     0.57246799        10.48746        2.932363
     0.57595865        9.943343        2.509836
     0.57944931        9.474352         2.17962
     0.58293997        9.058208        1.982607
     0.58643063        8.662842        1.970669
     0.58992129        8.248483        2.172516
     0.59341195        7.777004        2.543154
      0.5969026        7.218259        3.043749
     0.60039326        6.558625        3.551954
     0.60388392        5.806692        3.968791
     0.60737458        4.985858        4.238742
     0.61086524        4.130284        4.316164
      0.6143559        3.278665        4.201636
     0.61784656        2.472902        3.855205
     0.62133721        1.754134        3.331764
     0.62482787        1.147752        2.733203
     0.62831853        0.664881        2.095041
     0.63180919        0.309741        1.456003
     0.63529985        0.087071        0.771127
     0.63879051               0        0.099494
     0.64228116        0.045206       -0.551507
     0.64577182        0.214967       -1.146423
     0.64926248        0.502253       -1.726159
     0.65275314        0.906772       -2.318635
      0.6562438         1.43117       -2.926341
     0.65973446         2.07261        -3.48743
     0.66322512        2.815254       -3.938283
     0.66671577        3.633324        -4.24396
     0.67020643         4.49645       -4.386449
     0.67369709        5.364476       -4.292969
     0.67718775        6.180838       -3.872187
     0.68067841        6.886552       -3.184266
     0.68416907        7.434015        -2.29139
     0.68765973        7.798807       -1.356177
     0.69115038        7.974984       -0.405419
     0.69464104        7.978808         0.36717
      0.6981317        7.856056        0.860226
     0.70162236        7.657358        1.126565
     0.70511302         7.42369        1.210552
     0.70860368        7.188776         1.13836
     0.71209433        6.995267        0.796544
     0.71558499        6.887913        0.277195
     0.71907565        6.888506       -0.283122
     0.72256631        6.996277       -0.794479
     0.72605697        7.209441        -1.33757
     0.72954763        7.538489       -1.952587
     0.73303829        7.996643       -2.628501
     0.73652894        8.587692       -3.283104
      0.7400196        9.304794       -3.887215
     0.74351026        10.13981       -4.462126
     0.74700092       11.089004        -5.03161
     0.75049158       12.164817       -5.725465
     0.75398224       13.382691       -6.452081
      0.7574729       14.744511       -7.168696
     0.76096355       16.225748       -7.642221
     0.76445421       17.788991       -7.988686
     0.76794487       19.425969       -8.384178
     0.77143553       21.174087       -9.095295
     0.77492619        23.09275      -10.089452
     0.77841685        25.23329      -11.319996
      0.7819075       27.595441      -12.299196
     0.78539816       30.177636      -13.527628
     0.78888882       32.916491      -13.858246
     0.79237948       35.768795      -14.662005
     0.79587014       38.729764      -14.953265
      0.7993608        41.91344      -16.880388
     0.80285146       45.561352      -19.595161
     0.80634211       49.520121             -20
     0.80983277       53.520513             -20
     0.81332343       57.520904             -20
     0.81681409       61.520149             -20
     0.82030475       65.520541             -20
     0.82379541       69.520932             -20
     0.82728607       73.520177             -20
     0.83077672       77.520569             -20
     0.83426738        81.52096             -20
     0.83775804       85.520205             -20
      0.8412487       89.520597             -20
     0.84473936       93.520988             -20
     0.84823002       97.520233             -20
     0.85172067       101.52062             -20
     0.85521133       105.52102             -20
     0.85870199       109.52026             -20
     0.86219265       113.52065             -20
     0.86568331       117.52104             -20
     0.86917397       121.52029             -20
     0.87266463       125.52068             -20
     0.87615528       129.52107             -20
     0.87964594       133.52032             -20
      0.8831366       137.52071             -20
     0.88662726        141.5211             -20
     0.89011792       145.52035             -20
     0.89360858       149.52074             -20
     0.89709924       153.51998             -20
     0.90058989       157.52037             -20
     0.90408055       161.52077             -20
     0.90757121       165.52001             -20
     0.91106187        169.5204             -20
     0.91455253       173.52079             -20
     0.91804319       177.52004             -20
     0.92153385       181.52043             -20
      0.9250245       185.52082             -20
     0.92851516       189.52007             -20
     0.93200582       193.52046             -20
     0.93549648       197.52085             -20
     0.93898714       201.52009             -20
      0.9424778       205.52049             -20
     0.94596845       209.52088             -20
     0.94945911       213.52012             -20
     0.95294977       217.52051             -20
     0.95644043        221.5209             -20
     0.95993109       225.52015             -20
     0.96342175       229.52054             -20
     0.96691241       233.52093             -20
     0.97040306       237.52018             -20
     0.97389372       241.52057             -20
     0.97738438       245.52096             -20
     0.98087504       249.52021             -20
      0.9843657        253.5206             -20
     0.98785636       257.52099             -20
     0.99134702       261.52024             -20
     0.99483767       265.52063             -20
     0.99832833       269.51987             -20
       1.001819       273.52256             -20
      1.0053096        277.5218             -20
      1.0088003       281.52105             -20
       1.012291       285.52029             -20
      1.0157816       289.51954             -20
      1.0192723       293.51878             -20
      1.0227629       297.51803             -20
      1.0262536       301.51727             -20
      1.0297443       305.51652             -20
      1.0332349       309.51576             -20
      1.0367256       313.51501             -20
      1.0402162       317.52571             -20
      1.0437069       321.52496             -20
      1.0471976        325.5242             -20
      1.0506882       329.52345             -20
      1.0541789       333.52269             -20
      1.0576695       337.52194             -20
      1.0611602       341.52119             -20
      1.0646508       345.52043             -20
      1.0681415       349.51968             -20
      1.0716322       353.51892             -20
      1.0751228       357.51817             -20
      1.0786135       361.51741             -20
      1.0821041       365.51666             -20
      1.0855948        369.5159             -20
      1.0890855       373.51515             -20
      1.0925761       377.52585             -20
      1.0960668        381.5251             -20
      1.0995574       385.52434             -20
      1.1030481       389.52359             -20
      1.1065387       393.52283             -20
      1.1100294       397.52208             -20
      1.1135201       401.52133             -20
      1.1170107       405.52057             -20
      1.1205014       409.51982             -20
       1.123992       413.51906             -20
      1.1274827       417.51831             -20
      1.1309734       421.51755             -20
       1.134464        425.5168             -20
      1.1379547       429.51604             -20
      1.1414453       433.51529             -20
       1.144936       437.52599             -20
      1.1484266       441.52524             -20
      1.1519173       445.52449             -20
       1.155408       449.52373             -20
      1.1588986       453.52298             -20
      1.1623893       457.52222             -20
      1.1658799       461.52147             -20
      1.1693706       465.52071             -20
      1.1728613       469.51996             -20
      1.1763519        473.5192             -20
      1.1798426       477.51845             -20
      1.1833332       481.51769             -20
      1.1868239       485.51694             -20
      1.1903145       489.51618             -20
      1.1938052       493.51543             -20
      1.1972959       497.51468             -20
      1.2007865       501.52538             -20
      1.2042772       505.52463             -20
      1.2077678       509.52387             -20
      1.2112585       513.52312             -20
      1.2147492       517.52236             -20
      1.2182398       521.52161             -20
      1.2217305       525.52085             -20
      1.2252211        529.5201             -20
      1.2287118       533.51934             -20
      1.2322025       537.51859             -20
      1.2356931       541.51783             -20
      1.2391838       545.51708             -20
      1.2426744       549.51633             -20
      1.2461651       553.51557             -20
      1.2496557       557.51482             -20
      1.2531464       561.52552             -20
      1.2566371       565.52477             -20
      1.2601277       569.52401             -20
      1.2636184       573.52326             -20
       1.267109        577.5225             -20
      1.2705997       581.52175             -20
      1.2740904       585.52099             -20
       1.277581       589.52024             -20
      1.2810717       593.51948             -20
      1.2845623       597.51873             -20
       1.288053       601.51797             -20
      1.2915436       605.51722             -20
      1.2950343       609.51647             -20
       1.298525       613.51571             -20
      1.3020156       617.51496             -20
      1.3055063       621.52566             -20
      1.3089969       625.52491             -20
      1.3124876       629.52415             -20
      1.3159783        633.5234             -20
      1.3194689       637.52264             -20
      1.3229596       641.52189             -20
      1.3264502       645.52113             -20
      1.3299409       649.52038             -20
      1.3334315       653.51962             -20
      1.3369222       657.51887             -20
      1.3404129       661.51811             -20
      1.3439035       665.51736             -20
      1.3473942       669.51661             -20
      1.3508848       673.51585             -20
      1.3543755        677.5151             -20
      1.3578662        681.5258             -20
      1.3613568       685.52505             -20
      1.3648475       689.52429             -20
      1.3683381       693.52354             -20
      1.3718288       697.52278             -20
      1.3753195       701.52203             -20
      1.3788101       705.52127             -20
      1.3823008       709.52052             -20
      1.3857914       713.51976             -20
      1.3892821       717.51901             -20
      1.3927727       721.51825             -20
      1.3962634        725.5175             -20
      1.3997541       729.51675             -20
      1.4032447       733.51599             -20
      1.4067354       737.51524             -20
       1.410226       741.51448             -20
      1.4137167       745.52519             -20
      1.4172074       749.52443             -20
       1.420698       753.52368             -20
      1.4241887       757.52292             -20
      1.4276793       761.52217             -20
        1.43117       765.52141             -20
      1.4346606       769.52066             -20
      1.4381513        773.5199             -20
       1.441642       777.51915             -20
      1.4451326        781.5184             -20
      1.4486233       785.51764             -20
      1.4521139       789.51689             -20
      1.4556046       793.51613             -20
      1.4590953       797.51538             -20
      1.4625859       801.51462             -20
      1.4660766       805.52533             -20
      1.4695672       809.52457             -20
      1.4730579       813.52382             -20
      1.4765485       817.52306             -20
      1.4800392       821.52231             -20
      1.4835299       825.52155             -20
      1.4870205        829.5208             -20
      1.4905112       833.52004             -20
      1.4940018       837.51929             -20
      1.4974925       841.51854             -20
      1.5009832       845.51778             -20
      1.5044738       849.51703             -20
      1.5079645       853.51627             -20
      1.5114551       857.51552             -20
      1.5149458       861.51476             -20
      1.5184364       865.52547             -20
      1.5219271       869.52471             -20
      1.5254178       873.52396             -20
      1.5289084        877.5232             -20
      1.5323991       881.52245             -20
      1.5358897       885.52169             -20
      1.5393804       889.52094             -20
      1.5428711       893.52018             -20
      1.5463617       897.51943             -20
      1.5498524       901.51868             -20
       1.553343       905.51792             -20
      1.5568337       909.51717             -20
      1.5603244       913.51641             -20
       1.563815       917.51566             -20
      1.5673057        921.5149             -20
      1.5707963       925.51415             -20
       1.574287       929.52485             -20
      1.5777776        933.5241             -20
      1.5812683       937.52334             -20
       1.584759       941.52259             -20
      1.5882496       945.52183             -20
      1.5917403       949.52108             -20
      1.5952309       953.52032             -20
      1.5987216       957.51957             -20
      1.6022123       961.51882             -20
      1.6057029       965.51806             -20
      1.6091936       969.51731             -20
      1.6126842       973.51655             -20
      1.6161749        977.5158             -20
      1.6196655       981.51504             -20
      1.6231562       985.51429             -20
      1.6266469       989.52499             -20
      1.6301375       993.52424             -20
      1.6336282       997.52348             -20
      1.6371188       1001.5227             -20
      1.6406095        1005.522             -20
      1.6441002       1009.5212             -20
      1.6475908       1013.5205             -20
      1.6510815       1017.5197             -20
      1.6545721        1021.519             -20
      1.6580628       1025.5182             -20
      1.6615534       1029.5174             -20
      1.6650441       1033.5167             -20
      1.6685348       1037.5159             -20
      1.6720254       1041.5152             -20
      1.6755161       1045.5144             -20
      1.6790067       1049.5251             -20
      1.6824974       1053.5244             -20
      1.6859881       1057.5236             -20
      1.6894787       1061.5229             -20
      1.6929694       1065.5221             -20
        1.69646       1069.5214             -20
      1.6999507       1073.5206             -20
      1.7034413       1077.5199             -20
       1.706932       1081.5191             -20
      1.7104227       1085.5183             -20
      1.7139133       1089.5176             -20
       1.717404       1093.5168             -20
      1.7208946       1097.5161             -20
      1.7243853       1101.5153             -20
       1.727876       1105.5146             -20
      1.7313666       1109.5253             -20
      1.7348573       1113.5245             -20
      1.7383479       1117.5238             -20
      1.7418386        1121.523             -20
      1.7453293       1125.5223             -20
      1.7488199       1129.5215             -20
      1.7523106       1133.5207             -20
      1.7558012         1137.52             -20
      1.7592919       1141.5192             -20
      1.7627825       1145.5185             -20
      1.7662732       1149.5177             -20
      1.7697639        1153.517             -20
      1.7732545       1157.5162             -20
      1.7767452       1161.5155             -20
      1.7802358       1165.5147             -20
      1.7837265        1169.514             -20
      1.7872172       1173.5247             -20
      1.7907078       1177.5239             -20
      1.7941985       1181.5231             -20
      1.7976891       1185.5224             -20
      1.8011798       1189.5216             -20
      1.8046704       1193.5209             -20
      1.8081611       1197.5201             -20
      1.8116518       1201.5194             -20
      1.8151424       1205.5186             -20
      1.8186331       1209.5179             -20
      1.8221237       1213.5171             -20
      1.8256144       1217.5164             -20
      1.8291051       1221.5156             -20
      1.8325957       1225.5149             -20
      1.8360864       1229.5141             -20
       1.839577       1233.5248             -20
      1.8430677        1237.524             -20
      1.8465583       1241.5233             -20
       1.850049       1245.5225             -20
      1.8535397       1249.5218             -20
      1.8570303        1253.521             -20
       1.860521       1257.5203             -20
      1.8640116       1261.5195             -20
      1.8675023       1265.5188             -20
       1.870993        1269.518             -20
      1.8744836       1273.5173             -20
      1.8779743       1277.5165             -20
      1.8814649       1281.5157             -20
      1.8849556        1285.515             -20
      1.8884463       1289.5142             -20
      1.8919369       1293.5249             -20
      1.8954276       1297.5242             -20
      1.8989182       1301.5234             -20
      1.9024089       1305.5227             -20
      1.9058995       1309.5219             -20
      1.9093902       1313.5212             -20
      1.9128809       1317.5204             -20
      1.9163715       1321.5197             -20
      1.9198622       1325.5189             -20
      1.9233528       1329.5181             -20
      1.9268435       1333.5174             -20
      1.9303342       1337.5166             -20
      1.9338248       1341.5159             -20
      1.9373155       1345.5151             -20
      1.9408061       1349.5144             -20
      1.9442968       1353.5251             -20
      1.9477874       1357.5243             -20
      1.9512781       1361.5236             -20
      1.9547688       1365.5228             -20
      1.9582594       1369.5221             -20
      1.9617501       1373.5213             -20
      1.9652407       1377.5206             -20
      1.9687314       1381.5198             -20
      1.9722221        1385.519             -20
      1.9757127       1389.5183             -20
      1.9792034       1393.5175             -20
       1.982694       1397.5168             -20
      1.9861847        1401.516             -20
      1.9896753       1405.5153             -20
       1.993166       1409.5145             -20
      1.9966567       1413.5138             -20
      2.0001473       1417.5245             -20
       2.003638       1421.5237             -20
      2.0071286        1425.523             -20
      2.0106193       1429.5222             -20
        2.01411       1433.5214             -20
      2.0176006       1437.5207             -20
      2.0210913       1441.5199             -20
      2.0245819       1445.5192             -20
      2.0280726       1449.5184             -20
      2.0315632       1453.5177             -20
      2.0350539       1457.5169             -20
      2.0385446       1461.5162             -20
      2.0420352       1465.5154             -20
      2.0455259       1469.5147             -20
      2.0490165       1473.5139             -20
      2.0525072       1477.5246             -20
      2.0559979       1481.5239             -20
      2.0594885       1485.5231             -20
      2.0629792       1489.5223             -20
      2.0664698       1493.5216             -20
      2.0699605       1497.5208             -20
      2.0734512       1501.5201             -20
      2.0769418       1505.5193             -20
      2.0804325       1509.5186             -20
      2.0839231       1513.5178             -20
      2.0874138       1517.5171             -20
      2.0909044       1521.5163             -20
      2.0943951       1525.5156             -20
      2.0978858       1529.5148             -20
      2.1013764        1533.514             -20
      2.1048671       1537.5247             -20
      2.1083577        1541.524             -20
      2.1118484       1545.5232             -20
      2.1153391       1549.5225             -20
      2.1188297       1553.5217             -20
      2.1223204        1557.521             -20
       2.125811       1561.5202             -20
      2.1293017       1565.5195             -20
      2.1327923       1569.5187             -20
       2.136283        1573.518             -20
      2.1397737       1577.5172             -20
      2.1432643       1581.5164             -20
       2.146755       1585.5157             -20
      2.1502456       1589.5149             -20
      2.1537363       1593.5142             -20
       2.157227       1597.5249             -20
      2.1607176       1601.5241             -20
      2.1642083       1605.5234             -20
      2.1676989       1609.5226             -20
      2.1711896       1613.5219             -20
      2.1746802       1617.5211             -20
      2.1781709       1621.5204             -20
      2.1816616       1625.5196             -20
      2.1851522       1629.5188             -20
      2.1886429       1633.5181             -20
      2.1921335       1637.5173             -20
      2.1956242       1641.5166             -20
      2.1991149       1645.5158             -20
      2.2026055       1649.5151             -20
      2.2060962       1653.5143             -20
      2.2095868       1657.5136             -20
      2.2130775       1661.5243             -20
      2.2165682       1665.5235             -20
      2.2200588       1669.5228             -20
      2.2235495        1673.522             -20
      2.2270401       1677.5213             -20
      2.2305308       1681.5205             -20
      2.2340214       1685.5197             -20
      2.2375121        1689.519             -20
      2.2410028       1693.5182             -20
      2.2444934       1697.5175             -20
      2.2479841       1701.5167             -20
      2.2514747        1705.516             -20
      2.2549654       1709.5152             -20
      2.2584561       1713.5145             -20
      2.2619467       1717.5137             -20
      2.2654374       1721.5244             -20
       2.268928       1725.5237             -20
      2.2724187       1729.5229             -20
      2.2759093       1733.5221             -20
         2.2794       1737.5214             -20
      2.2828907       1741.5206             -20
      2.2863813       1745.5199             -20
       2.289872       1749.5191             -20
      2.2933626       1753.5184             -20
      2.2968533       1757.5176             -20
       2.300344       1761.5169             -20
      2.3038346       1765.5161             -20
      2.3073253       1769.5154             -20
      2.3108159       1773.5146             -20
      2.3143066       1777.5138             -20
      2.3177972       1781.5246             -20
      2.3212879       1785.5238             -20
      2.3247786        1789.523             -20
      2.3282692       1793.5223             -20
      2.3317599       1797.5215             -20
      2.3352505       1801.5208             -20
      2.3387412         1805.52             -20
      2.3422319       1809.5193             -20
      2.3457225       1813.5185             -20
      2.3492132       1817.5178             -20
      2.3527038        1821.517             -20
      2.3561945       1825.5163             -20
      2.3596851       1829.5155             -20
      2.3631758       1833.5147             -20
      2.3666665        1837.514             -20
      2.3701571       1841.5247             -20
      2.3736478       1845.5239             -20
      2.3771384       1849.5232             -20
      2.3806291       1853.5224             -20
      2.3841198       1857.5217             -20
      2.3876104       1861.5209             -20
      2.3911011       1865.5202             -20
      2.3945917       1869.5194             -20
      2.3980824       1873.5187             -20
      2.4015731       1877.5179             -20
      2.4050637       1881.5171             -20
      2.4085544       1885.5164             -20
       2.412045       1889.5156             -20
      2.4155357       1893.5149             -20
      2.4190263       1897.5141             -20
       2.422517       1901.5134             -20
      2.4260077       1905.5241             -20
      2.4294983       1909.5233             -20
       2.432989       1913.5226             -20
      2.4364796       1917.5218             -20
      2.4399703       1921.5211             -20
       2.443461       1925.5203             -20
      2.4469516       1929.5196             -20
      2.4504423       1933.5188             -20
      2.4539329        1937.518             -20
      2.4574236       1941.5173             -20
      2.4609142       1945.5165             -20
      2.4644049       1949.5158             -20
      2.4678956        1953.515             -20
      2.4713862       1957.5143             -20
      2.4748769       1961.5135             -20
      2.4783675       1965.5242             -20
      2.4818582       1969.5235             -20
      2.4853489       1973.5227             -20
      2.4888395        1977.522             -20
      2.4923302       1981.5212             -20
      2.4958208       1985.5204             -20
      2.4993115       1989.5197             -20
      2.5028021       1993.5189             -20
      2.5062928       1997.5182             -20
      2.5097835       2001.5174             -20
      2.5132741       2005.5167             -20
      2.5167648       2009.5159             -20
      2.5202554       2013.5152             -20
      2.5237461       2017.5144             -20
      2.5272368       2021.5137             -20
      2.5307274       2025.5244             -20
      2.5342181       2029.5236             -20
      2.5377087       2033.5229             -20
      2.5411994       2037.5221             -20
        2.54469       2041.5213             -20
      2.5481807       2045.5206             -20
      2.5516714       2049.5198             -20
       2.555162       2053.5191             -20
      2.5586527       2057.5183             -20
      2.5621433       2061.5176             -20
       2.565634       2065.5168             -20
      2.5691247       2069.5161             -20
      2.5726153       2073.5153             -20
       2.576106       2077.5145             -20
      2.5795966       2081.5138             -20
      2.5830873       2085.5245             -20
       2.586578       2089.5237             -20
      2.5900686        2093.523             -20
      2.5935593       2097.5222             -20
      2.5970499       2101.5215             -20
      2.6005406       2105.5207             -20
      2.6040312         2109.52             -20
      2.6075219       2113.5192             -20
      2.6110126       2117.5185             -20
      2.6145032       2121.5177             -20
      2.6179939        2125.517             -20
      2.6214845       2129.5162             -20
      2.6249752       2133.5154             -20
      2.6284659       2137.5147             -20
      2.6319565       2141.5139             -20
      2.6354472       2145.5132             -20
      2.6389378       2149.5239             -20
      2.6424285       2153.5231             -20
      2.6459191       2157.5224             -20
      2.6494098       2161.5216             -20
      2.6529005       2165.5209             -20
      2.6563911       2169.5201             -20
      2.6598818       2173.5194             -20
      2.6633724       2177.5186             -20
      2.6668631       2181.5178             -20
      2.6703538       2185.5171             -20
      2.6738444       2189.5163             -20
      2.6773351       2193.5156             -20
      2.6808257       2197.5148             -20
      2.6843164       2201.5141             -20
       2.687807       2205.5133             -20
      2.6912977        2209.524             -20
      2.6947884       2213.5233             -20
       2.698279       2217.5225             -20
      2.7017697       2221.5218             -20
      2.7052603        2225.521             -20
       2.708751       2229.5203             -20
      2.7122417       2233.5195             -20
      2.7157323       2237.5187             -20
       2.719223        2241.518             -20
      2.7227136       2245.5172             -20
      2.7262043       2249.5165             -20
       2.729695       2253.5157             -20
      2.7331856        2257.515             -20
      2.7366763       2261.5142             -20
      2.7401669       2265.5135             -20
      2.7436576       2269.5242             -20
      2.7471482       2273.5234             -20
      2.7506389       2277.5227             -20
      2.7541296       2281.5219             -20
      2.7576202       2285.5211             -20
      2.7611109       2289.5204             -20
      2.7646015       2293.5196             -20
      2.7680922       2297.5189             -20
      2.7715829       2301.5181             -20
      2.7750735       2305.5174             -20
      2.7785642       2309.5166             -20
      2.7820548       2313.5159             -20
      2.7855455       2317.5151             -20
      2.7890361       2321.5144             -20
      2.7925268       2325.5136             -20
      2.7960175       2329.5243             -20
      2.7995081       2333.5236             -20
      2.8029988       2337.5228             -20
      2.8064894        2341.522             -20
      2.8099801       2345.5213             -20
      2.8134708       2349.5205             -20
      2.8169614       2353.5198             -20
      2.8204521        2357.519             -20
      2.8239427       2361.5183             -20
      2.8274334       2365.5175             -20
       2.830924       2369.5168             -20
      2.8344147        2373.516             -20
      2.8379054       2377.5153             -20
       2.841396       2381.5145             -20
      2.8448867       2385.5137             -20
      2.8483773        2389.513             -20
       2.851868       2393.5237             -20
      2.8553587       2397.5229             -20
      2.8588493       2401.5222             -20
        2.86234       2405.5214             -20
      2.8658306       2409.5207             -20
      2.8693213       2413.5199             -20
      2.8728119       2417.5192             -20
      2.8763026       2421.5184             -20
      2.8797933       2425.5177             -20
      2.8832839       2429.5169             -20
      2.8867746       2433.5161             -20
      2.8902652       2437.5154             -20
      2.8937559       2441.5146             -20
      2.8972466       2445.5139             -20
      2.9007372       2449.5131             -20
      2.9042279       2453.5238             -20
      2.9077185       2457.5231             -20
      2.9112092       2461.5223             -20
      2.9146999       2465.5216             -20
      2.9181905       2469.5208             -20
      2.9216812       2473.5201             -20
      2.9251718       2477.5193             -20
      2.9286625       2481.5186             -20
      2.9321531       2485.5178             -20
      2.9356438        2489.517             -20
      2.9391345       2493.5163             -20
      2.9426251       2497.5155             -20
      2.9461158       2501.5148             -20
      2.9496064        2505.514             -20
      2.9530971       2509.5133             -20
      2.9565878        2513.524             -20
      2.9600784       2517.5232             -20
      2.9635691       2521.5225             -20
      2.9670597       2525.5217             -20
      2.9705504        2529.521             -20
       2.974041       2533.5202             -20
      2.9775317       2537.5194             -20
      2.9810224       2541.5187             -20
       2.984513       2545.5179             -20
      2.9880037       2549.5172             -20
      2.9914943       2553.5164             -20
       2.994985       2557.5157             -20
      2.9984757       2561.5149             -20
      3.0019663       2565.5142             -20
       3.005457       2569.5134             -20
      3.0089476       2573.5241             -20
      3.0124383       2577.5234             -20
      3.0159289       2581.5226             -20
      3.0194196       2585.5219             -20
      3.0229103       2589.5211             -20
      3.0264009       2593.5203             -20
      3.0298916       2597.5196             -20
      3.0333822       2601.5188             -20
      3.0368729       2605.5181             -20
      3.0403636       2609.5173             -20
      3.0438542       2613.5166             -20
      3.0473449       2617.5158             -20
      3.0508355       2621.5151             -20
      3.0543262       2625.5143             -20
      3.0578168       2629.5135             -20
      3.0613075       2633.5128             -20
      3.0647982       2637.5235             -20
      3.0682888       2641.5227             -20
      3.0717795        2645.522             -20
      3.0752701       2649.5212             -20
      3.0787608       2653.5205             -20
      3.0822515       2657.5197             -20
      3.0857421        2661.519             -20
      3.0892328       2665.5182             -20
      3.0927234       2669.5175             -20
      3.0962141       2673.5167             -20
      3.0997048        2677.516             -20
      3.1031954       2681.5152             -20
      3.1066861       2685.5144             -20
      3.1101767       2689.5137             -20
      3.1136674       2693.5129             -20
       3.117158       2697.5236             -20
      3.1206487       2701.5229             -20
      3.1241394       2705.5221             -20
        3.12763       2709.5214             -20
      3.1311207       2713.5206             -20
      3.1346113       2717.5199             -20
       3.138102       2721.5191             -20
